# Synthetic kinetics t=10 min (nitroxide adduct)
# Microwave Frequency: 9.85 GHz
# Field unit: mT
Field_mT	Intensity
344.82769	5.0436072e-03
344.83942	2.7280223e-03
344.85115	2.4778042e-02
344.86288	-6.2835247e-04
344.87461	-2.6354166e-02
344.88634	-1.7862373e-04
344.89807	1.0409880e-02
344.90980	2.4165355e-02
344.92153	3.7533769e-02
344.93326	-2.7085945e-02
344.94499	-1.1411098e-02
344.95672	-3.1756338e-03
344.96845	1.7905955e-02
344.98018	-3.6176689e-03
344.99191	-1.2153945e-02
345.00364	-4.4566953e-03
345.01537	-2.4118555e-02
345.02710	-1.2521855e-02
345.03883	7.8119021e-03
345.05056	-1.6143435e-03
345.06229	-2.7190251e-02
345.07403	-3.5514100e-02
345.08576	2.5486786e-02
345.09749	2.6823759e-02
345.10922	-2.1735040e-03
345.12095	-4.3410072e-03
345.13268	1.6353174e-02
345.14441	1.7531215e-02
345.15614	2.6151742e-02
345.16787	3.4949259e-02
345.17960	5.1416951e-03
345.19133	-4.2286517e-02
345.20306	1.3837081e-02
345.21479	-6.3513881e-03
345.22652	-3.4663634e-02
345.23825	1.4592046e-02
345.24998	3.4143260e-02
345.26171	-1.0291919e-02
345.27344	1.1158676e-02
345.28517	2.0181243e-02
345.29690	6.7342165e-03
345.30863	1.2476102e-02
345.32036	-5.3951900e-03
345.33209	-4.6625228e-03
345.34382	-1.3389318e-03
345.35555	8.8312619e-03
345.36728	2.4014978e-03
345.37901	-1.9343395e-02
345.39074	-1.3588057e-02
345.40247	5.2107013e-03
345.41420	2.7536498e-03
345.42593	-6.9268760e-03
345.43766	8.4765874e-03
345.44939	-8.8840919e-03
345.46112	3.3953010e-02
345.47285	-2.2079832e-04
345.48458	5.6585999e-02
345.49631	1.1920068e-02
345.50804	-2.3324651e-02
345.51977	1.8463009e-02
345.53150	-7.2165646e-03
345.54323	-7.9018004e-03
345.55496	-2.2914206e-03
345.56669	3.5855416e-02
345.57842	9.9774123e-04
345.59015	-1.8538457e-02
345.60188	-3.1375794e-02
345.61361	-1.5891464e-02
345.62534	-4.3646231e-03
345.63707	-1.1130136e-02
345.64881	6.5552836e-04
345.66054	-1.1370241e-02
345.67227	-7.7901271e-04
345.68400	-4.9950141e-02
345.69573	3.1891306e-02
345.70746	-2.8700452e-02
345.71919	-4.4416918e-03
345.73092	-3.9954109e-03
345.74265	2.5448367e-03
345.75438	1.3939143e-02
345.76611	1.4717401e-03
345.77784	2.3252884e-02
345.78957	-2.8890380e-02
345.80130	2.8990142e-02
345.81303	-3.4136358e-03
345.82476	2.7652757e-02
345.83649	8.6384199e-03
345.84822	1.6523040e-02
345.85995	1.5643385e-02
345.87168	3.5346972e-02
345.88341	-2.2442898e-02
345.89514	-3.1308865e-05
345.90687	1.6988443e-02
345.91860	-1.6980393e-03
345.93033	4.1004413e-02
345.94206	-1.6336449e-02
345.95379	3.6622016e-02
345.96552	-9.8511409e-03
345.97725	-3.8646369e-02
345.98898	2.0480808e-02
346.00071	-3.6164439e-02
346.01244	-3.6952378e-04
346.02417	2.6252019e-02
346.03590	2.3345899e-02
346.04763	1.4376463e-02
346.05936	-6.8568468e-03
346.07109	7.6407168e-04
346.08282	-2.8828958e-02
346.09455	-1.3145055e-02
346.10628	-1.7319288e-02
346.11801	-1.7388402e-02
346.12974	1.7550292e-02
346.14147	-1.0337379e-02
346.15320	-1.5970308e-02
346.16493	-1.8241021e-02
346.17666	1.9035823e-02
346.18839	-7.3728848e-03
346.20012	7.8745148e-05
346.21185	-8.1078302e-04
346.22359	-9.6723620e-03
346.23532	9.0744163e-03
346.24705	4.3315995e-03
346.25878	-1.9970508e-02
346.27051	-1.7293270e-02
346.28224	-2.2254099e-02
346.29397	-6.4450478e-03
346.30570	3.4510693e-02
346.31743	-1.2481887e-02
346.32916	1.4190773e-02
346.34089	-2.8382419e-02
346.35262	-2.8105218e-03
346.36435	1.1400785e-02
346.37608	-5.7781715e-03
346.38781	-2.4577968e-03
346.39954	2.4457922e-02
346.41127	-3.3891306e-02
346.42300	3.4963250e-03
346.43473	1.8903205e-02
346.44646	2.1306459e-02
346.45819	-1.6500305e-02
346.46992	-2.5970427e-02
346.48165	-3.7482463e-03
346.49338	-1.7242618e-02
346.50511	-1.9027397e-02
346.51684	-2.2694928e-02
346.52857	-4.3587246e-02
346.54030	1.7788136e-02
346.55203	2.2464213e-02
346.56376	2.4732285e-02
346.57549	3.1996875e-03
346.58722	-1.6457714e-02
346.59895	-1.8028517e-02
346.61068	6.1033295e-03
346.62241	-6.2883479e-03
346.63414	2.5131929e-02
346.64587	-8.4575926e-03
346.65760	1.5962371e-03
346.66933	3.0686667e-02
346.68106	-1.2651787e-02
346.69279	-2.8145494e-02
346.70452	-1.9753472e-02
346.71625	2.4356947e-02
346.72798	1.4591170e-02
346.73971	-2.5557310e-02
346.75144	1.0829537e-02
346.76317	-5.9852081e-03
346.77490	2.7930371e-02
346.78663	1.4303534e-03
346.79837	-2.7389701e-03
346.81010	-3.6133775e-03
346.82183	1.0844826e-02
346.83356	3.9507628e-02
346.84529	-1.3246198e-02
346.85702	2.6519238e-02
346.86875	-1.6946887e-02
346.88048	4.1355813e-03
346.89221	-2.1565698e-02
346.90394	9.7046245e-03
346.91567	-3.0925606e-02
346.92740	2.9434538e-02
346.93913	9.4006361e-03
346.95086	-2.0912760e-02
346.96259	-1.1664312e-02
346.97432	-2.9104916e-02
346.98605	1.4850945e-02
346.99778	-1.0270881e-02
347.00951	1.6725382e-02
347.02124	-3.5594537e-02
347.03297	1.3431739e-02
347.04470	-5.1874728e-03
347.05643	3.5241043e-02
347.06816	6.0587362e-03
347.07989	1.5605353e-02
347.09162	2.6841530e-02
347.10335	2.1841047e-02
347.11508	-1.7053359e-02
347.12681	1.4097344e-02
347.13854	1.4708472e-02
347.15027	7.7027244e-03
347.16200	-3.4226014e-02
347.17373	-9.4943257e-05
347.18546	-9.9725233e-03
347.19719	1.5431228e-02
347.20892	-9.4854385e-03
347.22065	-5.9704293e-03
347.23238	3.6254780e-04
347.24411	3.2309838e-03
347.25584	-3.8522437e-03
347.26757	-3.2535979e-02
347.27930	-2.8268131e-02
347.29103	1.0744528e-02
347.30276	7.0849063e-03
347.31449	-7.1805289e-03
347.32622	3.2347573e-02
347.33795	-1.8735695e-02
347.34968	2.3633242e-02
347.36142	-2.6319740e-02
347.37315	-1.7362326e-02
347.38488	7.2670208e-03
347.39661	4.0599675e-03
347.40834	2.8723013e-02
347.42007	-6.5025089e-03
347.43180	-1.6385414e-02
347.44353	2.3633888e-02
347.45526	2.7400827e-02
347.46699	-2.5129623e-02
347.47872	-5.2620803e-02
347.49045	-3.7469586e-02
347.50218	2.3358250e-02
347.51391	-3.5230740e-02
347.52564	1.2171222e-02
347.53737	2.8428584e-03
347.54910	-5.1703623e-03
347.56083	3.0781828e-02
347.57256	-4.6256324e-03
347.58429	5.8432098e-02
347.59602	2.4630861e-02
347.60775	1.2205376e-02
347.61948	-2.7226322e-02
347.63121	-1.5781670e-02
347.64294	3.2962271e-03
347.65467	-1.8435828e-02
347.66640	-2.5912102e-02
347.67813	-1.3063500e-02
347.68986	-4.1351628e-03
347.70159	5.8608571e-03
347.71332	-7.9911433e-03
347.72505	6.2127279e-03
347.73678	-9.6915927e-03
347.74851	3.3160334e-02
347.76024	8.9557593e-03
347.77197	4.6288006e-03
347.78370	-1.5763862e-02
347.79543	-1.8590408e-02
347.80716	-1.6017446e-02
347.81889	-4.8615459e-03
347.83062	-4.9152895e-02
347.84235	-2.9553376e-02
347.85408	-1.3831789e-02
347.86581	-1.3130331e-02
347.87754	-2.5622676e-02
347.88927	-2.1324243e-03
347.90100	2.9852200e-02
347.91273	-1.6464998e-02
347.92446	1.8974464e-02
347.93620	-2.2184831e-02
347.94793	-6.6121105e-03
347.95966	2.7859477e-02
347.97139	2.3723127e-02
347.98312	4.0051684e-03
347.99485	-1.6243695e-03
348.00658	4.9342426e-02
348.01831	-4.1232372e-02
348.03004	2.5559428e-02
348.04177	-1.4469109e-02
348.05350	-3.7982394e-02
348.06523	2.9779626e-02
348.07696	-1.6277528e-02
348.08869	9.9684098e-03
348.10042	-1.2533741e-02
348.11215	1.9872001e-02
348.12388	3.0420455e-03
348.13561	3.1438403e-02
348.14734	-9.8590246e-03
348.15907	-1.1068515e-02
348.17080	-3.5665578e-02
348.18253	2.3794040e-02
348.19426	8.6520205e-03
348.20599	-1.8542997e-03
348.21772	-9.8698682e-03
348.22945	1.1563880e-02
348.24118	-1.6306427e-03
348.25291	1.9190510e-03
348.26464	-5.4603179e-03
348.27637	4.6662249e-02
348.28810	-2.2234204e-03
348.29983	-8.5858423e-03
348.31156	-3.0809868e-02
348.32329	2.2030003e-02
348.33502	1.6618673e-02
348.34675	1.2339323e-02
348.35848	2.1632172e-02
348.37021	2.6032758e-02
348.38194	-1.3872955e-02
348.39367	-2.4353351e-02
348.40540	-3.0650269e-02
348.41713	3.6200691e-02
348.42886	-1.5484376e-03
348.44059	3.3599777e-02
348.45232	1.1168306e-02
348.46405	-1.7650149e-02
348.47578	5.7279940e-02
348.48751	6.4182548e-03
348.49924	8.5969973e-03
348.51098	-1.0347770e-02
348.52271	1.0246435e-02
348.53444	-2.0727419e-02
348.54617	-4.0220332e-02
348.55790	-1.5618579e-02
348.56963	1.4372201e-03
348.58136	2.4448667e-03
348.59309	-2.1825679e-02
348.60482	-1.4027386e-02
348.61655	1.4716631e-02
348.62828	-2.7574326e-02
348.64001	-2.4040012e-02
348.65174	1.5210920e-02
348.66347	-6.8347236e-03
348.67520	6.5686605e-03
348.68693	8.1592105e-03
348.69866	-1.3707211e-02
348.71039	2.8181060e-03
348.72212	1.5966915e-02
348.73385	3.9588322e-03
348.74558	1.2745116e-02
348.75731	4.6358819e-04
348.76904	-2.5126121e-02
348.78077	-6.9083904e-03
348.79250	7.7051551e-03
348.80423	-3.0416650e-03
348.81596	8.9576214e-03
348.82769	3.2007574e-02
348.83942	9.8606491e-03
348.85115	-1.6532894e-04
348.86288	2.0891434e-02
348.87461	3.8980535e-02
348.88634	5.8243515e-03
348.89807	1.8072219e-02
348.90980	-2.9010237e-02
348.92153	2.7580745e-02
348.93326	8.2556627e-03
348.94499	-1.1867644e-02
348.95672	3.7440507e-02
348.96845	-1.1668958e-02
348.98018	6.4852240e-02
348.99191	-3.0392295e-03
349.00364	1.4123033e-02
349.01537	1.0549103e-02
349.02710	-6.1556811e-03
349.03883	-5.0080823e-03
349.05056	5.2730873e-02
349.06229	5.1064207e-02
349.07403	3.3798136e-02
349.08576	3.6426009e-02
349.09749	2.6053185e-02
349.10922	1.1952992e-01
349.12095	6.2936576e-02
349.13268	1.3460272e-01
349.14441	1.5308233e-01
349.15614	2.3817789e-01
349.16787	3.1376076e-01
349.17960	4.3104847e-01
349.19133	5.3493395e-01
349.20306	7.0869082e-01
349.21479	7.9258102e-01
349.22652	9.2842104e-01
349.23825	9.8109792e-01
349.24998	9.4959783e-01
349.26171	7.5347899e-01
349.27344	3.7349460e-01
349.28517	-1.4732018e-01
349.29690	-5.7603961e-01
349.30863	-8.7443628e-01
349.32036	-1.0302439e+00
349.33209	-9.6675893e-01
349.34382	-8.6203420e-01
349.35555	-7.6319535e-01
349.36728	-6.5615932e-01
349.37901	-4.4679739e-01
349.39074	-3.6465204e-01
349.40247	-2.3041522e-01
349.41420	-1.8811064e-01
349.42593	-1.1797592e-01
349.43766	-7.1958609e-02
349.44939	-5.6223138e-02
349.46112	-7.5237170e-02
349.47285	-9.2070392e-03
349.48458	-3.1482642e-02
349.49631	-3.8938533e-02
349.50804	-2.5855116e-02
349.51977	-4.8589746e-02
349.53150	1.7133543e-02
349.54323	-3.9690551e-02
349.55496	-2.8877086e-02
349.56669	-3.5911186e-02
349.57842	2.9175038e-03
349.59015	-2.0869843e-02
349.60188	-5.3950506e-03
349.61361	-1.6787066e-02
349.62534	-3.2496196e-02
349.63707	9.9325727e-03
349.64881	1.5868477e-02
349.66054	2.0720185e-03
349.67227	7.5442109e-03
349.68400	-3.0640157e-02
349.69573	3.0141331e-03
349.70746	-1.0669766e-03
349.71919	-3.3214876e-02
349.73092	-4.5832340e-02
349.74265	-2.9672339e-03
349.75438	1.4242896e-02
349.76611	5.0684826e-04
349.77784	1.2594649e-02
349.78957	6.6694980e-03
349.80130	-2.2888196e-02
349.81303	-4.8258280e-03
349.82476	1.4319449e-02
349.83649	-3.1500867e-02
349.84822	-5.9746001e-03
349.85995	-2.3366309e-02
349.87168	1.5216543e-02
349.88341	4.5750518e-03
349.89514	6.2655014e-03
349.90687	2.2761574e-02
349.91860	-4.6017644e-03
349.93033	7.7545411e-03
349.94206	-9.0429719e-03
349.95379	-5.1329307e-02
349.96552	-7.3573578e-03
349.97725	1.0236450e-02
349.98898	-1.6532163e-02
350.00071	-3.8485044e-03
350.01244	8.0290217e-03
350.02417	-2.2384097e-02
350.03590	2.0330387e-02
350.04763	4.0257797e-03
350.05936	-1.7555864e-02
350.07109	5.5178926e-02
350.08282	-4.6391181e-03
350.09455	-9.3968826e-03
350.10628	1.6365196e-03
350.11801	2.1009678e-03
350.12974	3.0158721e-02
350.14147	-4.6831021e-03
350.15320	-5.0162565e-03
350.16493	-1.2324747e-02
350.17666	2.6042844e-03
350.18839	5.4837915e-03
350.20012	-3.3703678e-02
350.21185	-1.0671680e-02
350.22359	-1.8305661e-02
350.23532	-4.0237866e-03
350.24705	3.2805622e-02
350.25878	5.1932432e-03
350.27051	4.0502400e-02
350.28224	1.1108686e-02
350.29397	-1.1106685e-02
350.30570	2.4963231e-02
350.31743	1.8925926e-02
350.32916	4.7829762e-02
350.34089	-1.0883182e-02
350.35262	-3.7766043e-03
350.36435	-2.4047391e-04
350.37608	1.2030477e-02
350.38781	-3.4427180e-04
350.39954	4.3873437e-03
350.41127	1.6268440e-02
350.42300	3.3511473e-02
350.43473	-1.1906469e-02
350.44646	2.3946663e-02
350.45819	-1.0968848e-02
350.46992	1.3514774e-03
350.48165	1.1593459e-02
350.49338	-6.7323066e-03
350.50511	-1.2963075e-03
350.51684	6.6687796e-02
350.52857	4.9234113e-02
350.54030	1.5525955e-02
350.55203	5.2913686e-03
350.56376	5.4888911e-02
350.57549	2.1841673e-02
350.58722	3.3180009e-02
350.59895	1.6733542e-02
350.61068	2.6306357e-02
350.62241	3.2356093e-02
350.63414	7.4443790e-02
350.64587	3.6556604e-02
350.65760	3.9338754e-02
350.66933	9.2523740e-02
350.68106	1.4535356e-01
350.69279	2.2665119e-01
350.70452	2.1083243e-01
350.71625	3.0427223e-01
350.72798	4.1914706e-01
350.73971	5.3771685e-01
350.75144	6.9629952e-01
350.76317	8.9232904e-01
350.77490	9.8009732e-01
350.78663	1.0066188e+00
350.79837	9.2417352e-01
350.81010	6.7128870e-01
350.82183	2.4858768e-01
350.83356	-2.7648863e-01
350.84529	-6.6289851e-01
350.85702	-9.1557214e-01
350.86875	-9.8848948e-01
350.88048	-9.5793934e-01
350.89221	-8.6481190e-01
350.90394	-6.9304786e-01
350.91567	-5.6433271e-01
350.92740	-4.2215684e-01
350.93913	-3.1236581e-01
350.95086	-1.9604799e-01
350.96259	-1.8390034e-01
350.97432	-6.8897352e-02
350.98605	-8.8731042e-02
350.99778	-9.0287421e-02
351.00951	-7.3605993e-02
351.02124	-3.5730455e-02
351.03297	-5.3079193e-02
351.04470	-2.9102294e-02
351.05643	-1.4051220e-02
351.06816	-7.3143631e-03
351.07989	-1.0308069e-02
351.09162	-1.6466946e-02
351.10335	-2.0235541e-02
351.11508	9.1842595e-03
351.12681	-4.2894595e-02
351.13854	-1.3873930e-02
351.15027	-1.9397881e-02
351.16200	-3.6749383e-02
351.17373	-3.0101369e-02
351.18546	-1.4772598e-02
351.19719	1.4164311e-02
351.20892	1.1575415e-02
351.22065	1.3851957e-02
351.23238	-1.7539483e-02
351.24411	5.6132547e-03
351.25584	-1.7189234e-02
351.26757	-5.0187056e-03
351.27930	-3.7156873e-02
351.29103	6.2058176e-03
351.30276	-2.7744110e-02
351.31449	-2.7981803e-03
351.32622	-1.1387655e-02
351.33795	-3.6003759e-02
351.34968	-5.9702785e-02
351.36142	-3.9672181e-02
351.37315	1.8106675e-02
351.38488	-1.1551184e-02
351.39661	-2.4601860e-02
351.40834	1.3987512e-02
351.42007	2.6383222e-02
351.43180	5.1267949e-05
351.44353	4.2590739e-03
351.45526	7.2916596e-03
351.46699	-2.7923840e-02
351.47872	2.0369613e-02
351.49045	2.0190483e-02
351.50218	-1.2160656e-02
351.51391	8.3446611e-03
351.52564	-2.7465464e-02
351.53737	-2.4805777e-02
351.54910	-2.3582475e-02
351.56083	1.4635195e-02
351.57256	2.8298587e-02
351.58429	-6.0057415e-02
351.59602	6.1788897e-03
351.60775	3.4572914e-02
351.61948	-3.0119440e-02
351.63121	1.2934930e-02
351.64294	4.6607990e-03
351.65467	-1.7111806e-02
351.66640	7.3177558e-03
351.67813	4.9485919e-03
351.68986	2.9467350e-03
351.70159	2.4039206e-02
351.71332	2.0486344e-02
351.72505	-6.2531879e-03
351.73678	1.0737496e-02
351.74851	4.9817332e-02
351.76024	3.3323450e-02
351.77197	-4.3615527e-03
351.78370	-1.4281027e-02
351.79543	-2.2079961e-02
351.80716	-1.2048121e-02
351.81889	-2.2211868e-02
351.83062	2.3608973e-02
351.84235	2.4327546e-02
351.85408	-1.5626040e-02
351.86581	1.5544760e-02
351.87754	-8.4778774e-03
351.88927	-2.3258557e-02
351.90100	3.0562618e-02
351.91273	1.6703195e-02
351.92446	-1.4605979e-02
351.93620	3.2996277e-02
351.94793	-5.4216114e-03
351.95966	-5.8835981e-03
351.97139	-2.6886270e-03
351.98312	-3.2599514e-02
351.99485	2.6370844e-02
352.00658	4.3515222e-03
352.01831	-1.5530281e-02
352.03004	9.1315818e-03
352.04177	-2.4345974e-02
352.05350	1.7042827e-02
352.06523	2.1919694e-02
352.07696	4.0270178e-02
352.08869	2.5700791e-02
352.10042	-6.7438247e-03
352.11215	1.1803417e-02
352.12388	4.9586973e-02
352.13561	1.6746374e-02
352.14734	2.4117450e-02
352.15907	7.0899032e-03
352.17080	3.0263143e-02
352.18253	6.9035411e-02
352.19426	1.2814969e-02
352.20599	5.1674066e-02
352.21772	1.1441539e-01
352.22945	1.5294938e-01
352.24118	1.7910807e-01
352.25291	2.5706607e-01
352.26464	3.1192504e-01
352.27637	5.1284947e-01
352.28810	5.8012175e-01
352.29983	7.3798155e-01
352.31156	8.8029556e-01
352.32329	9.7200265e-01
352.33502	9.9985152e-01
352.34675	8.3282994e-01
352.35848	5.9780614e-01
352.37021	1.4186983e-01
352.38194	-3.5688568e-01
352.39367	-7.5368215e-01
352.40540	-9.5092412e-01
352.41713	-1.0014082e+00
352.42886	-9.1617682e-01
352.44059	-8.1508856e-01
352.45232	-6.7402349e-01
352.46405	-5.3924008e-01
352.47578	-4.1889958e-01
352.48751	-3.0726034e-01
352.49924	-2.0523937e-01
352.51098	-1.5246827e-01
352.52271	-1.0621822e-01
352.53444	-8.6968067e-02
352.54617	-9.7979804e-02
352.55790	-9.3853899e-02
352.56963	-1.7579412e-02
352.58136	-2.1647678e-02
352.59309	-1.3228667e-02
352.60482	-6.3804580e-02
352.61655	-3.3937057e-02
352.62828	1.7322594e-02
352.64001	-2.6323433e-02
352.65174	-1.5887967e-02
352.66347	-3.1266067e-02
352.67520	9.3692800e-03
352.68693	-1.8511727e-02
352.69866	-1.3472703e-06
352.71039	-8.3031615e-05
352.72212	-2.2300188e-02
352.73385	7.0093820e-03
352.74558	-3.1127380e-02
352.75731	-3.6113176e-02
352.76904	8.4794825e-03
352.78077	-1.6032866e-02
352.79250	4.4198535e-02
352.80423	-8.4410977e-03
352.81596	-1.7087731e-02
352.82769	-1.3894817e-02
352.83942	-1.4888640e-02
352.85115	-2.1445944e-02
352.86288	1.7690852e-03
352.87461	1.4723620e-02
352.88634	-2.0433393e-02
352.89807	-1.5131927e-02
352.90980	-1.8540252e-02
352.92153	-2.3394475e-02
352.93326	8.0816795e-03
352.94499	1.1663271e-03
352.95672	-1.1388366e-02
352.96845	-2.2955888e-02
352.98018	-1.8470005e-03
352.99191	4.9513332e-03
353.00364	-3.8126921e-02
353.01537	-1.3607403e-02
353.02710	-8.9884624e-03
353.03883	-3.9030180e-02
353.05056	-9.0014847e-03
353.06229	-7.1863728e-03
353.07403	-3.1064250e-02
353.08576	9.5026562e-03
353.09749	-3.4281880e-02
353.10922	-5.2465360e-03
353.12095	-2.7598390e-02
353.13268	-1.3313523e-02
353.14441	-1.6995286e-02
353.15614	-4.4378437e-02
353.16787	-1.2576081e-02
353.17960	-1.5017711e-02
353.19133	-4.3674614e-03
353.20306	-1.8869371e-02
353.21479	1.3281143e-02
353.22652	2.9121087e-02
353.23825	2.8699359e-02
353.24998	-1.1008934e-03
353.26171	9.2799201e-03
353.27344	-1.2932790e-03
353.28517	2.6885517e-03
353.29690	-6.3586405e-03
353.30863	2.0764482e-02
353.32036	-3.2229296e-02
353.33209	7.0634453e-03
353.34382	-5.8817101e-03
353.35555	-3.5285293e-02
353.36728	-3.0929826e-02
353.37901	3.0511790e-02
353.39074	-3.1326292e-03
353.40247	-5.7960151e-03
353.41420	-7.9852660e-03
353.42593	-5.6745816e-03
353.43766	9.8738907e-03
353.44939	-1.6246484e-02
353.46112	6.9885968e-02
353.47285	1.3119412e-02
353.48458	2.9895173e-03
353.49631	-9.1867657e-03
353.50804	-2.6442662e-02
353.51977	4.1297386e-03
353.53150	-7.4979466e-03
353.54323	6.6182429e-03
353.55496	-1.1463105e-03
353.56669	2.6619464e-02
353.57842	4.1544720e-02
353.59015	3.2103602e-03
353.60188	-4.6058386e-03
353.61361	7.3558428e-03
353.62534	-6.4976926e-03
353.63707	-1.4315236e-02
353.64881	5.9045489e-03
353.66054	-9.7991413e-04
353.67227	-3.2449485e-02
353.68400	-2.4843818e-02
353.69573	-1.1001922e-02
353.70746	-1.8835383e-02
353.71919	-4.0853392e-02
353.73092	1.9314221e-02
353.74265	-5.7184924e-03
353.75438	3.3521311e-02
353.76611	-6.6047935e-03
353.77784	4.2750474e-02
353.78957	-2.3753685e-03
353.80130	7.4387605e-03
353.81303	2.8768116e-03
353.82476	-9.6248186e-03
353.83649	-7.1319413e-03
353.84822	1.2950352e-02
353.85995	7.4327505e-04
353.87168	1.8481520e-02
353.88341	1.8151479e-02
353.89514	-6.7176246e-03
353.90687	1.9628916e-02
353.91860	-3.9279306e-02
353.93033	-2.2010512e-02
353.94206	5.8858060e-04
353.95379	2.4218030e-02
353.96552	2.4063934e-02
353.97725	-1.7269451e-02
353.98898	-2.1678950e-02
354.00071	-1.3431481e-03
354.01244	-4.7421616e-03
354.02417	-3.4197525e-02
354.03590	-1.1849349e-02
354.04763	1.2322572e-02
354.05936	2.3187832e-02
354.07109	-2.1502093e-03
354.08282	9.8104091e-03
354.09455	1.6929680e-02
354.10628	-1.8090606e-02
354.11801	2.1105551e-02
354.12974	4.6384144e-02
354.14147	-1.6635085e-02
354.15320	3.0051087e-02
354.16493	2.7892842e-02
354.17666	-8.6572128e-03
354.18839	-2.4303325e-02
354.20012	1.0608633e-02
354.21185	-3.8833761e-02
354.22359	-2.5781037e-03
354.23532	5.4925767e-03
354.24705	1.5358840e-03
354.25878	-3.2843479e-02
354.27051	-9.5270280e-03
354.28224	-3.3375540e-04
354.29397	1.6385341e-02
354.30570	8.8876143e-03
354.31743	2.2505817e-02
354.32916	-7.7533328e-03
354.34089	2.1738282e-02
354.35262	-4.4131274e-03
354.36435	1.8406926e-02
354.37608	-1.0891530e-02
354.38781	1.1056870e-02
354.39954	-1.4413676e-02
354.41127	-4.2387238e-02
354.42300	1.8130479e-02
354.43473	1.9523974e-02
354.44646	-1.0740065e-02
354.45819	-3.0118273e-02
354.46992	-1.2411002e-02
354.48165	-3.4874837e-02
354.49338	6.9821104e-03
354.50511	-2.8742365e-02
354.51684	8.8619225e-03
354.52857	-1.0724957e-02
354.54030	-6.6104829e-03
354.55203	-2.7977414e-02
354.56376	-2.1554528e-02
354.57549	8.2021951e-03
354.58722	1.1659531e-02
354.59895	1.3748180e-02
354.61068	5.6947961e-03
354.62241	6.0863930e-03
354.63414	-7.9803167e-03
354.64587	-2.0106793e-02
354.65760	2.6191530e-02
354.66933	1.6283141e-02
354.68106	-6.9428603e-04
354.69279	8.5442134e-03
354.70452	1.1874193e-02
354.71625	4.7061900e-03
354.72798	6.8650606e-03
354.73971	-1.2158856e-02
354.75144	3.0893701e-02
354.76317	-1.9089616e-02
354.77490	6.2628800e-03
354.78663	6.6002219e-03
354.79837	1.7693754e-04
354.81010	1.3223030e-02
354.82183	1.0719309e-02
354.83356	7.3171042e-03
354.84529	-2.8195219e-02
354.85702	1.4605872e-03
354.86875	-1.5608348e-02
354.88048	8.6772914e-03
354.89221	2.0730988e-02
354.90394	-1.4263936e-02
354.91567	-5.0853530e-03
354.92740	1.3462378e-02
354.93913	-1.4920521e-02
354.95086	-9.8172421e-03
354.96259	8.8535997e-03
354.97432	-1.1324512e-02
354.98605	9.9412514e-03
354.99778	1.3190082e-02
355.00951	-3.1161274e-02
355.02124	4.5967355e-03
355.03297	-2.2540805e-02
355.04470	-3.1120642e-02
355.05643	3.0046825e-03
355.06816	1.6217113e-02
355.07989	6.1597457e-03
355.09162	4.6213131e-04
355.10335	-9.8694909e-03
355.11508	-1.0056985e-02
355.12681	9.9224293e-03
355.13854	1.7863467e-02
355.15027	-1.7419755e-02
355.16200	2.9304864e-02
355.17373	-9.4195755e-03
355.18546	1.0556255e-02
355.19719	-1.6143575e-02
355.20892	1.2110142e-02
355.22065	1.3222139e-02
355.23238	1.4162182e-02
355.24411	5.7099616e-03
355.25584	2.2995235e-02
355.26757	4.6036576e-03
355.27930	-9.7570516e-04
355.29103	-6.0750364e-03
355.30276	3.4069418e-02
355.31449	-6.6005692e-03
355.32622	5.1254437e-05
355.33795	-2.2018007e-02
355.34968	4.5767906e-02
355.36142	-1.3182871e-02
355.37315	-3.6524342e-02
355.38488	-1.3182208e-02
355.39661	-1.2498449e-02
355.40834	-4.5978524e-04
355.42007	1.3450347e-02
355.43180	1.1997040e-02
355.44353	-1.1816855e-02
355.45526	-1.2665456e-02
355.46699	-1.2741483e-02
355.47872	9.5938786e-03
355.49045	-1.3946386e-03
355.50218	2.4468491e-02
355.51391	-1.7481257e-02
355.52564	5.8893646e-03
355.53737	-1.8135144e-02
355.54910	4.9584016e-03
355.56083	1.2887443e-02
355.57256	-3.4970194e-02
355.58429	2.4604321e-04
355.59602	2.6719693e-03
355.60775	9.1949243e-03
355.61948	-1.8650886e-02
355.63121	-2.1276161e-02
355.64294	-1.1646557e-02
355.65467	-8.8804863e-03
355.66640	2.4042002e-02
355.67813	1.7217698e-02
355.68986	7.7629347e-03
355.70159	-3.8120953e-03
355.71332	5.8057731e-03
355.72505	1.2760020e-02
355.73678	9.4464919e-03
355.74851	2.6450564e-02
355.76024	-1.7767975e-03
355.77197	-1.3157892e-02
355.78370	1.4137067e-02
355.79543	-2.4692192e-02
355.80716	-6.4146584e-03
355.81889	1.0478983e-02
355.83062	-3.9346273e-02
355.84235	1.7120108e-05
355.85408	-3.4183570e-02
355.86581	-3.5218943e-02
355.87754	8.7240751e-04
355.88927	-2.1256490e-02
355.90100	2.6561200e-03
355.91273	-3.8998297e-03
355.92446	9.8377600e-03
355.93620	-1.5414206e-02
355.94793	-2.3801317e-02
355.95966	-1.2863422e-02
355.97139	-3.0180889e-02
355.98312	-5.3025944e-03
355.99485	1.1465754e-02
356.00658	-8.0227814e-03
356.01831	2.8585604e-02
356.03004	-7.0709673e-03
356.04177	1.0694796e-02
356.05350	2.7900647e-02
356.06523	5.6810149e-03
356.07696	-8.3731272e-03
356.08869	-4.3167436e-03
356.10042	-5.2746827e-03
356.11215	-2.8014143e-03
356.12388	2.0944201e-02
356.13561	-1.2830382e-02
356.14734	1.6091827e-02
356.15907	2.7036473e-02
356.17080	2.0333994e-02
356.18253	-5.3618987e-03
356.19426	-3.1525845e-02
356.20599	-2.6866899e-03
356.21772	-1.4218461e-02
356.22945	-3.3551997e-03
356.24118	-3.5896521e-03
356.25291	1.7201098e-02
356.26464	-3.4669269e-02
356.27637	-1.6814810e-02
356.28810	5.9515276e-03
356.29983	5.5952123e-02
356.31156	7.7582430e-03
356.32329	-4.3046225e-02
356.33502	-2.6796520e-02
356.34675	-3.8629065e-02
356.35848	-1.8822887e-02
356.37021	-1.5272165e-02
356.38194	2.9750225e-02
356.39367	-1.8849146e-02
356.40540	-2.1390353e-02
356.41713	-9.9080992e-03
356.42886	-4.8962857e-03
356.44059	-2.6746679e-03
356.45232	-2.9259916e-02
356.46405	-4.5358763e-02
356.47578	-1.9860290e-02
356.48751	-2.0698937e-02
356.49924	1.0854171e-02
356.51098	6.5269567e-03
356.52271	1.1421134e-02
356.53444	-7.2407268e-03
356.54617	1.4278654e-02
356.55790	8.0149966e-03
356.56963	2.0272249e-02
356.58136	1.0681847e-02
356.59309	-2.2537955e-02
356.60482	2.7660231e-02
356.61655	2.6117222e-02
356.62828	2.0794507e-02
356.64001	8.1482705e-03
356.65174	3.8298404e-03
356.66347	-4.0765787e-03
356.67520	2.1518421e-03
356.68693	-1.8326010e-02
356.69866	8.6374206e-03
356.71039	-5.4631987e-02
356.72212	-2.1978024e-02
356.73385	1.3982605e-02
356.74558	-8.6280790e-03
356.75731	-9.8600257e-04
356.76904	-4.1784205e-03
356.78077	-1.0329149e-02
356.79250	1.0499041e-03
356.80423	-4.4435688e-03
356.81596	-1.1829102e-02
356.82769	-1.2786370e-02