# Synthetic Cu(II) axial powder (pepper)
# Microwave Frequency: 9.85 GHz
# Field unit: mT
Field_mT	Intensity
280.00000	4.1131539e-02
280.03908	-5.0797748e-02
280.07816	8.6823947e-03
280.11724	-1.1029988e-02
280.15633	-8.7224799e-03
280.19541	-3.9762155e-03
280.23449	-4.0058658e-02
280.27357	-4.2921188e-03
280.31265	-1.6951483e-02
280.35173	6.6821437e-02
280.39082	4.8824434e-03
280.42990	-6.6827789e-03
280.46898	-5.2497366e-03
280.50806	-1.2978586e-02
280.54714	-2.0714190e-02
280.58622	-7.4205447e-03
280.62531	1.0041207e-02
280.66439	-4.3617809e-03
280.70347	1.9571649e-02
280.74255	-3.5694612e-03
280.78163	9.2022611e-04
280.82071	3.1356526e-02
280.85979	1.1349336e-02
280.89888	-9.6491599e-03
280.93796	-3.1929415e-03
280.97704	1.1282997e-02
281.01612	3.9183155e-02
281.05520	-4.9018709e-03
281.09428	-4.3712270e-03
281.13337	2.0557510e-02
281.17245	-1.7205959e-02
281.21153	-5.3024894e-03
281.25061	1.8191245e-02
281.28969	1.2158341e-02
281.32877	2.3928684e-03
281.36786	1.3976165e-02
281.40694	-5.5977269e-02
281.44602	2.1024375e-02
281.48510	-1.8582003e-02
281.52418	-3.2747574e-02
281.56326	6.1700258e-03
281.60234	1.4665075e-02
281.64143	-8.2295889e-03
281.68051	-2.0847515e-02
281.71959	1.2184366e-03
281.75867	-3.4315829e-04
281.79775	2.8840150e-02
281.83683	1.5693312e-02
281.87592	4.6390149e-03
281.91500	2.3014085e-02
281.95408	-3.3070162e-03
281.99316	-1.7695532e-02
282.03224	1.2520695e-02
282.07132	1.2511272e-02
282.11041	-3.4142992e-03
282.14949	-1.4751285e-02
282.18857	5.5114508e-03
282.22765	-4.8925101e-02
282.26673	1.4780662e-02
282.30581	1.0832545e-02
282.34489	-3.1741254e-02
282.38398	2.2910973e-03
282.42306	-1.8191180e-02
282.46214	1.6266503e-02
282.50122	-3.9528571e-02
282.54030	-1.7100893e-02
282.57938	1.5416472e-02
282.61847	2.4390556e-02
282.65755	-4.1857977e-02
282.69663	-8.6158721e-03
282.73571	7.9521236e-03
282.77479	-1.0747045e-02
282.81387	3.3296798e-02
282.85296	-2.2287974e-02
282.89204	8.6832424e-03
282.93112	-1.9315576e-02
282.97020	2.9836090e-02
283.00928	1.3530256e-03
283.04836	-5.5842247e-03
283.08745	-3.2419970e-02
283.12653	3.5670136e-02
283.16561	1.7183229e-02
283.20469	1.7302054e-02
283.24377	2.5103536e-02
283.28285	9.4570790e-03
283.32193	-1.0172803e-02
283.36102	-1.3238537e-02
283.40010	-1.3067160e-02
283.43918	3.0527211e-02
283.47826	-2.5869089e-02
283.51734	-8.3559785e-03
283.55642	-2.5990803e-03
283.59551	8.6033940e-03
283.63459	1.5934685e-02
283.67367	-2.0203643e-02
283.71275	-2.9434313e-02
283.75183	5.5056045e-03
283.79091	3.0336666e-02
283.83000	2.1726164e-02
283.86908	1.1469338e-02
283.90816	1.4340919e-03
283.94724	1.4317865e-02
283.98632	4.3247563e-03
284.02540	2.6336231e-02
284.06448	-5.0313412e-03
284.10357	1.4474897e-02
284.14265	1.0575749e-02
284.18173	2.4729840e-02
284.22081	1.9500977e-02
284.25989	6.7222496e-02
284.29897	4.7475009e-02
284.33806	4.8788983e-02
284.37714	-2.0515785e-02
284.41622	1.4952274e-02
284.45530	1.1130976e-02
284.49438	3.5557199e-02
284.53346	-1.9029874e-02
284.57255	5.1730633e-02
284.61163	5.1299511e-02
284.65071	5.6502579e-03
284.68979	1.3853869e-02
284.72887	1.9118541e-02
284.76795	3.7684805e-02
284.80703	5.1248939e-02
284.84612	8.0902077e-02
284.88520	3.7382124e-02
284.92428	5.7906851e-02
284.96336	4.6696260e-02
285.00244	7.9585757e-02
285.04152	5.9773871e-02
285.08061	7.2574376e-02
285.11969	2.3639125e-02
285.15877	4.1054327e-02
285.19785	2.8058497e-02
285.23693	7.3616246e-02
285.27601	5.5630244e-02
285.31510	3.5145136e-02
285.35418	3.0807178e-02
285.39326	4.8031733e-02
285.43234	2.2701382e-02
285.47142	1.6448939e-02
285.51050	4.2977519e-02
285.54958	8.0889590e-02
285.58867	2.4981134e-02
285.62775	1.7081388e-02
285.66683	3.1029427e-03
285.70591	-1.8105666e-03
285.74499	3.3799133e-02
285.78407	3.8784212e-02
285.82316	2.0481107e-02
285.86224	2.5543268e-02
285.90132	1.9871614e-02
285.94040	1.9057042e-02
285.97948	-1.5437327e-02
286.01856	4.7974707e-03
286.05765	1.5129180e-02
286.09673	-3.7565568e-03
286.13581	1.4564213e-03
286.17489	-6.2526258e-03
286.21397	2.6691912e-03
286.25305	2.5672901e-02
286.29213	-1.8976489e-04
286.33122	4.2540139e-03
286.37030	2.3048604e-02
286.40938	1.9157792e-02
286.44846	3.9700612e-02
286.48754	-3.6434364e-02
286.52662	2.2130770e-02
286.56571	-4.9975496e-03
286.60479	7.0299152e-03
286.64387	2.0809099e-02
286.68295	2.5469844e-02
286.72203	2.4364858e-02
286.76111	6.4716374e-03
286.80020	3.5377291e-02
286.83928	-2.6419582e-03
286.87836	4.7253234e-05
286.91744	1.8717229e-02
286.95652	-8.4216161e-03
286.99560	4.5711395e-02
287.03468	2.2777390e-02
287.07377	4.5809403e-02
287.11285	1.6761978e-03
287.15193	-5.5328754e-03
287.19101	5.3973041e-03
287.23009	1.6680989e-02
287.26917	-9.8211189e-03
287.30826	9.4635461e-03
287.34734	1.4820221e-03
287.38642	3.4081645e-02
287.42550	-1.1537771e-02
287.46458	2.2592072e-02
287.50366	-1.1251944e-02
287.54275	-1.7628285e-02
287.58183	-1.2660032e-02
287.62091	-2.2293886e-02
287.65999	4.4040795e-03
287.69907	2.2073012e-02
287.73815	4.7017437e-03
287.77723	1.3868871e-02
287.81632	3.3996765e-02
287.85540	6.7256131e-03
287.89448	5.2011207e-03
287.93356	-4.2294236e-03
287.97264	-3.0917808e-02
288.01172	1.6422883e-02
288.05081	-3.3923213e-02
288.08989	1.4234051e-02
288.12897	8.7397529e-04
288.16805	2.3676471e-02
288.20713	-2.3370798e-04
288.24621	-1.5361123e-02
288.28530	8.2426130e-03
288.32438	-1.0134675e-02
288.36346	-2.5654544e-03
288.40254	1.8710384e-03
288.44162	-1.6738012e-03
288.48070	-2.7734703e-03
288.51979	-1.5660202e-02
288.55887	-2.8073327e-03
288.59795	-4.1804535e-02
288.63703	-2.1941088e-03
288.67611	-2.3020044e-02
288.71519	2.3330412e-02
288.75427	2.6309779e-02
288.79336	-3.8121301e-02
288.83244	3.7861726e-03
288.87152	-1.6501096e-03
288.91060	-2.0067136e-02
288.94968	1.1493970e-02
288.98876	-8.3805550e-03
289.02785	-3.4510951e-02
289.06693	-4.5030418e-03
289.10601	-2.1437363e-03
289.14509	2.9408032e-03
289.18417	-2.3821428e-02
289.22325	1.3108284e-02
289.26234	1.5499390e-02
289.30142	-2.2132625e-02
289.34050	-1.2403725e-02
289.37958	-8.0773559e-04
289.41866	-1.0471291e-02
289.45774	3.5730737e-02
289.49682	5.0103321e-03
289.53591	-1.9374811e-02
289.57499	-1.4925093e-02
289.61407	-3.1244034e-04
289.65315	4.6741035e-02
289.69223	-2.7502853e-03
289.73131	3.3601029e-03
289.77040	1.1091219e-02
289.80948	7.3415441e-06
289.84856	4.6416550e-02
289.88764	-9.8306110e-03
289.92672	1.5678851e-02
289.96580	4.0014626e-03
290.00489	1.3213638e-02
290.04397	-2.2753017e-02
290.08305	3.6137347e-02
290.12213	-1.6574386e-03
290.16121	1.4623666e-03
290.20029	-1.7921863e-02
290.23937	-1.3827300e-02
290.27846	1.2046749e-02
290.31754	2.0492937e-02
290.35662	1.5828677e-02
290.39570	2.4936417e-02
290.43478	1.5040538e-02
290.47386	1.3223697e-03
290.51295	1.7487966e-02
290.55203	1.2623818e-02
290.59111	-1.2675543e-03
290.63019	1.5263276e-02
290.66927	2.6456439e-02
290.70835	5.4375891e-03
290.74744	-6.3790053e-03
290.78652	1.5114622e-02
290.82560	3.8750393e-02
290.86468	-3.4740694e-03
290.90376	-1.1080327e-03
290.94284	-1.9957370e-03
290.98192	2.5189773e-02
291.02101	-3.6013224e-02
291.06009	8.0577135e-03
291.09917	2.4583717e-02
291.13825	-1.5540586e-02
291.17733	3.0505600e-02
291.21641	1.1435607e-02
291.25550	-1.0249190e-02
291.29458	4.8094122e-03
291.33366	-2.9962042e-02
291.37274	-1.0582114e-02
291.41182	3.7270093e-02
291.45090	-1.7145201e-02
291.48999	3.7615663e-02
291.52907	-9.0740032e-04
291.56815	2.0621428e-02
291.60723	1.6120837e-03
291.64631	-4.4098090e-02
291.68539	-1.0727567e-02
291.72447	4.5220065e-03
291.76356	-2.2286777e-02
291.80264	-2.6215955e-02
291.84172	8.0503602e-03
291.88080	-1.2258321e-02
291.91988	-3.3178321e-02
291.95896	-1.2943707e-02
291.99805	1.7946192e-02
292.03713	-8.7453580e-03
292.07621	1.9427684e-02
292.11529	3.1284519e-02
292.15437	1.3913025e-03
292.19345	-2.1853805e-02
292.23254	-2.5292157e-02
292.27162	2.1895964e-04
292.31070	1.8367633e-02
292.34978	6.1216551e-03
292.38886	1.1686456e-02
292.42794	-8.1182829e-03
292.46702	6.7655796e-03
292.50611	-8.6730140e-03
292.54519	-5.7637972e-03
292.58427	-2.5093548e-02
292.62335	-3.0683781e-02
292.66243	-8.8772279e-03
292.70151	-2.1391919e-02
292.74060	-1.8410604e-02
292.77968	1.4190036e-02
292.81876	-1.3708294e-03
292.85784	5.9049953e-02
292.89692	1.9295122e-02
292.93600	-1.1889206e-02
292.97509	1.6345977e-02
293.01417	7.9228598e-03
293.05325	-1.2932351e-02
293.09233	2.2835529e-02
293.13141	-1.4713730e-02
293.17049	-6.0373148e-02
293.20957	1.6672152e-02
293.24866	-1.1545632e-02
293.28774	3.0530677e-02
293.32682	-1.2184148e-02
293.36590	-2.2820755e-02
293.40498	3.1778281e-02
293.44406	-2.0692497e-02
293.48315	4.8937044e-03
293.52223	2.9822988e-02
293.56131	3.1174708e-03
293.60039	-7.8079236e-04
293.63947	2.8885700e-03
293.67855	1.7622779e-02
293.71764	-1.5294623e-02
293.75672	1.3064539e-02
293.79580	1.2405939e-02
293.83488	4.7517933e-02
293.87396	-5.8701993e-03
293.91304	-1.7431530e-02
293.95213	1.5591632e-02
293.99121	-7.0586273e-03
294.03029	6.6693161e-03
294.06937	3.5432487e-03
294.10845	2.4267590e-02
294.14753	-1.2229537e-02
294.18661	-9.3881773e-04
294.22570	-5.0130883e-02
294.26478	-1.6875176e-02
294.30386	3.1664549e-02
294.34294	-1.2694992e-02
294.38202	-1.3091397e-02
294.42110	-2.3408240e-02
294.46019	1.2557824e-02
294.49927	4.5262337e-03
294.53835	-2.2763120e-02
294.57743	1.4332547e-02
294.61651	6.1943637e-03
294.65559	1.6077591e-02
294.69468	-1.1828608e-02
294.73376	3.5743723e-02
294.77284	9.1582132e-03
294.81192	-1.3834640e-03
294.85100	-9.4250038e-03
294.89008	-3.9330682e-03
294.92916	1.8157857e-02
294.96825	-4.3878465e-03
295.00733	2.2564296e-02
295.04641	1.2629906e-02
295.08549	2.7959986e-02
295.12457	1.7321355e-02
295.16365	-2.1280690e-04
295.20274	-3.7125914e-02
295.24182	7.0554655e-03
295.28090	1.6879312e-02
295.31998	4.3571266e-03
295.35906	1.2242276e-02
295.39814	-8.2946789e-03
295.43723	-6.4580651e-03
295.47631	-1.7683735e-02
295.51539	2.8423845e-02
295.55447	4.3743151e-03
295.59355	-8.6309135e-03
295.63263	-2.5406621e-02
295.67171	-1.8149668e-03
295.71080	3.0131383e-02
295.74988	1.0536027e-02
295.78896	-1.3181453e-02
295.82804	2.9921893e-02
295.86712	2.9930795e-02
295.90620	2.0996162e-02
295.94529	1.7177491e-02
295.98437	2.4545502e-02
296.02345	1.2325214e-02
296.06253	1.6979213e-02
296.10161	-1.4099008e-02
296.14069	3.1525297e-02
296.17978	6.1930968e-03
296.21886	4.2081207e-02
296.25794	-3.9222042e-02
296.29702	1.5768229e-02
296.33610	2.1326679e-02
296.37518	-5.1307627e-03
296.41426	1.0814855e-02
296.45335	1.6780740e-02
296.49243	1.3401330e-02
296.53151	-8.9051421e-03
296.57059	-9.0734166e-04
296.60967	2.2367325e-02
296.64875	2.7585840e-02
296.68784	4.0658063e-03
296.72692	3.6812921e-03
296.76600	6.2167952e-03
296.80508	2.3023128e-02
296.84416	-1.8750116e-02
296.88324	-2.4168954e-02
296.92233	4.9830377e-03
296.96141	-1.9557674e-02
297.00049	-9.0837157e-03
297.03957	4.4883111e-03
297.07865	1.2524288e-02
297.11773	-1.8449248e-02
297.15681	1.9151734e-02
297.19590	-3.2209078e-02
297.23498	1.4333344e-02
297.27406	-2.7962206e-02
297.31314	-2.1711516e-02
297.35222	1.6854694e-02
297.39130	-3.8857317e-03
297.43039	-1.1418766e-02
297.46947	-4.1108424e-03
297.50855	1.4410899e-02
297.54763	4.3882737e-03
297.58671	5.2713183e-03
297.62579	2.7389386e-02
297.66488	-7.5498344e-03
297.70396	-2.1365712e-03
297.74304	-2.5647804e-03
297.78212	3.1910492e-02
297.82120	2.9055165e-02
297.86028	3.5719383e-02
297.89936	1.0131197e-02
297.93845	8.5722221e-03
297.97753	2.9737395e-02
298.01661	5.8337876e-03
298.05569	3.1456285e-02
298.09477	3.0532745e-02
298.13385	3.3547009e-03
298.17294	1.7016194e-02
298.21202	1.7742159e-02
298.25110	5.6304302e-02
298.29018	7.4973058e-02
298.32926	2.2880478e-02
298.36834	2.6893936e-02
298.40743	-1.7227494e-02
298.44651	3.4472609e-02
298.48559	3.1990778e-02
298.52467	1.2597389e-02
298.56375	5.1698281e-02
298.60283	6.6150632e-03
298.64191	3.5559095e-02
298.68100	4.4498270e-02
298.72008	1.8530929e-02
298.75916	6.2339472e-02
298.79824	6.7868720e-02
298.83732	2.0390592e-02
298.87640	2.1099306e-02
298.91549	6.2197776e-02
298.95457	5.0147597e-02
298.99365	2.6824383e-02
299.03273	4.5140104e-02
299.07181	4.8565465e-02
299.11089	4.7215903e-02
299.14998	6.5711023e-02
299.18906	5.5695112e-02
299.22814	8.2031466e-02
299.26722	7.2572553e-02
299.30630	5.6970767e-02
299.34538	6.3160292e-02
299.38447	6.6235337e-02
299.42355	5.1980668e-02
299.46263	1.1437070e-02
299.50171	5.1222088e-02
299.54079	3.3577157e-02
299.57987	6.2655009e-02
299.61895	3.0341344e-02
299.65804	3.7226322e-02
299.69712	3.1595846e-02
299.73620	5.7005018e-02
299.77528	2.5365074e-02
299.81436	1.4943597e-02
299.85344	2.5113767e-02
299.89253	8.8091008e-03
299.93161	1.9582263e-02
299.97069	1.5020723e-02
300.00977	1.9516584e-02
300.04885	5.1524886e-02
300.08793	3.9898835e-03
300.12702	1.1978086e-02
300.16610	6.4457849e-03
300.20518	2.3144046e-02
300.24426	-1.4615350e-02
300.28334	-5.4584263e-03
300.32242	7.0371394e-03
300.36150	1.8237679e-02
300.40059	5.9348031e-03
300.43967	-3.5726735e-03
300.47875	-1.1294095e-02
300.51783	1.5944733e-02
300.55691	3.4250086e-02
300.59599	1.1580136e-02
300.63508	8.6340994e-03
300.67416	1.3524229e-02
300.71324	-1.4415018e-02
300.75232	-1.9755764e-03
300.79140	-1.2579538e-03
300.83048	9.8449894e-03
300.86957	3.1557697e-03
300.90865	-2.0642763e-02
300.94773	2.6085620e-02
300.98681	3.7317581e-02
301.02589	-1.8894712e-03
301.06497	1.1268518e-02
301.10405	8.5515189e-03
301.14314	1.8834601e-02
301.18222	-2.6519158e-02
301.22130	3.5261302e-02
301.26038	-6.4180812e-03
301.29946	2.8184664e-02
301.33854	4.4630716e-03
301.37763	-5.0027814e-03
301.41671	-5.9585244e-05
301.45579	2.0650401e-02
301.49487	-1.4601297e-02
301.53395	-4.8710181e-03
301.57303	-7.0533323e-03
301.61212	-3.1764171e-02
301.65120	2.8527149e-02
301.69028	1.4076818e-02
301.72936	2.0337519e-03
301.76844	2.5699558e-02
301.80752	-1.6723698e-02
301.84660	9.1253451e-04
301.88569	3.6861387e-02
301.92477	2.1923518e-02
301.96385	-4.2206123e-02
302.00293	-6.4367590e-02
302.04201	-1.8489976e-02
302.08109	2.3472460e-02
302.12018	-7.2358164e-03
302.15926	-2.1508879e-03
302.19834	1.4359113e-02
302.23742	-1.5536556e-02
302.27650	6.4093615e-03
302.31558	1.7978710e-02
302.35467	1.1454925e-02
302.39375	1.0027105e-02
302.43283	-9.9459460e-03
302.47191	1.2357341e-02
302.51099	-6.4891702e-03
302.55007	2.8160745e-02
302.58915	5.3444288e-02
302.62824	-1.2771909e-02
302.66732	-4.1470772e-02
302.70640	-6.5005141e-03
302.74548	9.5350224e-03
302.78456	2.2989092e-02
302.82364	2.3552584e-02
302.86273	-1.3711940e-02
302.90181	-1.3896771e-02
302.94089	2.7296722e-02
302.97997	-1.9910390e-02
303.01905	2.3740543e-02
303.05813	-2.6072933e-03
303.09722	1.7248530e-02
303.13630	1.6032742e-02
303.17538	1.7432247e-02
303.21446	1.8310820e-02
303.25354	-1.7884996e-02
303.29262	7.8771331e-03
303.33170	2.2565836e-03
303.37079	8.1614869e-03
303.40987	2.6657794e-02
303.44895	-3.4389156e-03
303.48803	-1.2267207e-02
303.52711	-1.2589810e-02
303.56619	-4.2440535e-03
303.60528	1.7026467e-02
303.64436	-1.4334910e-02
303.68344	2.5142700e-02
303.72252	7.7789852e-03
303.76160	-2.5693151e-03
303.80068	-2.4680773e-02
303.83977	6.8529722e-03
303.87885	1.5772739e-02
303.91793	-3.3362055e-02
303.95701	2.5784079e-02
303.99609	3.4894073e-02
304.03517	8.7243142e-03
304.07426	1.1782743e-02
304.11334	5.0209231e-02
304.15242	2.6578527e-02
304.19150	-1.6005865e-02
304.23058	1.6045085e-03
304.26966	-1.2042691e-03
304.30874	-1.0760973e-03
304.34783	-4.5347264e-02
304.38691	1.7089058e-02
304.42599	-1.0796432e-02
304.46507	5.2046977e-03
304.50415	-7.7239070e-04
304.54323	1.9360099e-02
304.58232	-3.9818428e-03
304.62140	-1.3968028e-02
304.66048	1.2588857e-02
304.69956	3.0046975e-02
304.73864	-4.4565032e-03
304.77772	2.9338160e-02
304.81681	7.1970169e-03
304.85589	-8.7035604e-03
304.89497	3.2443014e-02
304.93405	-1.4427833e-02
304.97313	2.2235512e-02
305.01221	-8.0149589e-03
305.05129	1.0958461e-02
305.09038	-2.2726993e-02
305.12946	-1.4792612e-02
305.16854	2.3265432e-02
305.20762	5.7118052e-03
305.24670	2.7347301e-03
305.28578	-6.8267549e-03
305.32487	1.0886843e-02
305.36395	-2.5974404e-02
305.40303	-2.0424209e-02
305.44211	-1.1764052e-03
305.48119	-1.4710580e-02
305.52027	-1.2035046e-02
305.55936	5.6059231e-04
305.59844	-7.6152281e-04
305.63752	-2.4720986e-03
305.67660	3.5296067e-02
305.71568	2.2226058e-02
305.75476	2.6589575e-02
305.79384	1.4398023e-03
305.83293	-8.0853319e-03
305.87201	-2.7065299e-02
305.91109	-4.9457506e-03
305.95017	-3.9716121e-02
305.98925	-9.6481413e-03
306.02833	1.7313777e-02
306.06742	3.4453672e-02
306.10650	2.1348841e-02
306.14558	-1.5194180e-02
306.18466	1.1897604e-02
306.22374	-1.3741514e-02
306.26282	1.8507665e-02
306.30191	-1.7213007e-04
306.34099	1.9218822e-02
306.38007	5.3514981e-02
306.41915	2.0524120e-02
306.45823	4.8721514e-02
306.49731	5.6207860e-03
306.53639	-4.5087156e-03
306.57548	2.8758723e-02
306.61456	3.6578936e-02
306.65364	-9.0167301e-03
306.69272	3.6399483e-03
306.73180	-2.6574303e-02
306.77088	-1.8982311e-03
306.80997	1.9889321e-02
306.84905	3.9961169e-04
306.88813	-9.2532960e-03
306.92721	-2.6013713e-02
306.96629	9.5049661e-03
307.00537	1.8101711e-02
307.04446	1.4081487e-02
307.08354	7.2658032e-03
307.12262	-2.3308200e-02
307.16170	3.7406886e-02
307.20078	1.0459045e-03
307.23986	-7.0216267e-04
307.27894	1.6848445e-02
307.31803	-4.1068682e-02
307.35711	9.1502529e-04
307.39619	-5.1203747e-04
307.43527	9.6665199e-03
307.47435	2.9170051e-02
307.51343	1.1690223e-02
307.55252	-3.4398463e-02
307.59160	-4.5331565e-03
307.63068	6.3703374e-03
307.66976	5.2170034e-03
307.70884	-2.3349710e-02
307.74792	-3.0990666e-02
307.78701	1.3281568e-02
307.82609	9.1744802e-03
307.86517	1.8829912e-03
307.90425	-3.2181206e-02
307.94333	3.7807093e-02
307.98241	-5.5666766e-02
308.02149	-4.9290953e-03
308.06058	4.4190175e-02
308.09966	-7.7847625e-04
308.13874	7.0199405e-03
308.17782	-2.1183313e-02
308.21690	2.9566990e-02
308.25598	-2.3442811e-02
308.29507	7.5147755e-03
308.33415	5.1349518e-03
308.37323	-1.8570755e-02
308.41231	2.0200740e-02
308.45139	-2.5843984e-02
308.49047	-1.1194676e-02
308.52956	1.9224598e-03
308.56864	-5.7403843e-03
308.60772	1.1869134e-02
308.64680	2.0986781e-02
308.68588	-3.4120123e-03
308.72496	-8.3672368e-03
308.76404	-7.8573480e-03
308.80313	-4.8058955e-03
308.84221	1.8702899e-02
308.88129	-1.8356708e-03
308.92037	1.0702022e-02
308.95945	7.3941182e-04
308.99853	-1.4308568e-02
309.03762	1.9871890e-02
309.07670	-1.8147116e-02
309.11578	2.7504362e-03
309.15486	3.2393887e-02
309.19394	-1.9188697e-02
309.23302	1.5759282e-03
309.27211	-2.8984020e-02
309.31119	-7.4541627e-03
309.35027	-2.7142109e-02
309.38935	-4.4539221e-03
309.42843	-7.9714576e-03
309.46751	5.4453029e-03
309.50660	3.4531541e-02
309.54568	8.5349965e-03
309.58476	1.6046300e-02
309.62384	1.9039829e-03
309.66292	-1.9448873e-03
309.70200	-1.3710809e-02
309.74108	-3.3018470e-02
309.78017	4.3969911e-03
309.81925	3.5629708e-02
309.85833	1.2619063e-02
309.89741	-7.5517143e-03
309.93649	3.6133362e-02
309.97557	-5.4651189e-03
310.01466	-9.1579023e-03
310.05374	-2.1003262e-02
310.09282	-1.5942831e-02
310.13190	-1.5903877e-03
310.17098	4.3343120e-02
310.21006	-7.0105839e-04
310.24915	-1.7165826e-02
310.28823	-8.6062438e-03
310.32731	-9.0984128e-04
310.36639	-3.0640330e-02
310.40547	6.1846405e-03
310.44455	1.7725418e-02
310.48363	1.0177900e-02
310.52272	1.5826866e-02
310.56180	-2.1903892e-02
310.60088	-3.0029233e-02
310.63996	2.9724657e-02
310.67904	2.5971888e-02
310.71812	-2.6644991e-02
310.75721	8.3781349e-03
310.79629	4.8549772e-03
310.83537	1.5320885e-02
310.87445	8.7012307e-03
310.91353	-5.4026582e-03
310.95261	8.6630349e-03
310.99170	8.0365871e-03
311.03078	4.0561756e-03
311.06986	-3.1871685e-02
311.10894	-5.4544120e-02
311.14802	-1.0265720e-02
311.18710	-2.6961264e-02
311.22618	1.1017255e-02
311.26527	2.0535225e-02
311.30435	1.1761760e-02
311.34343	-5.8829739e-04
311.38251	8.5389122e-03
311.42159	3.0856061e-02
311.46067	-6.6481046e-03
311.49976	2.6825707e-02
311.53884	2.3044585e-02
311.57792	1.4675149e-02
311.61700	3.9103942e-02
311.65608	-3.6127242e-03
311.69516	3.0317190e-02
311.73425	-6.3010095e-03
311.77333	-2.1788885e-03
311.81241	-7.0731215e-03
311.85149	2.4079633e-02
311.89057	-2.5186980e-03
311.92965	1.8525598e-02
311.96873	-3.9445922e-03
312.00782	4.1490112e-02
312.04690	5.8371338e-02
312.08598	2.7740228e-02
312.12506	5.7743500e-02
312.16414	3.7850442e-02
312.20322	7.1848350e-02
312.24231	3.2373552e-02
312.28139	9.6922904e-04
312.32047	6.4260672e-02
312.35955	3.4060349e-02
312.39863	1.8038288e-02
312.43771	2.7854492e-02
312.47680	1.0700023e-02
312.51588	4.2107573e-02
312.55496	2.6251208e-02
312.59404	7.9534365e-02
312.63312	6.5225883e-02
312.67220	2.0686886e-02
312.71128	2.5494723e-02
312.75037	4.5923272e-02
312.78945	2.0100472e-02
312.82853	5.7440298e-02
312.86761	5.9491596e-02
312.90669	4.5256918e-02
312.94577	4.9791545e-02
312.98486	7.0345770e-02
313.02394	8.8083181e-02
313.06302	8.8535895e-02
313.10210	5.7996270e-02
313.14118	7.2877525e-02
313.18026	3.9238292e-02
313.21935	6.0309762e-02
313.25843	3.0846923e-02
313.29751	6.2512383e-02
313.33659	2.0990726e-02
313.37567	2.4272050e-02
313.41475	4.1214286e-02
313.45383	5.0377699e-02
313.49292	8.3433104e-03
313.53200	2.4301893e-02
313.57108	3.5720686e-02
313.61016	3.5670270e-02
313.64924	1.2461998e-02
313.68832	2.9380843e-02
313.72741	2.0406925e-02
313.76649	5.2218977e-02
313.80557	3.3765047e-02
313.84465	-5.2842399e-03
313.88373	-2.4169397e-02
313.92281	2.0609935e-02
313.96190	4.1097232e-02
314.00098	1.9850538e-02
314.04006	3.3007102e-02
314.07914	4.7675781e-03
314.11822	-1.3660281e-02
314.15730	2.7827508e-02
314.19638	1.4122345e-02
314.23547	2.5177070e-02
314.27455	-1.6698630e-02
314.31363	1.4020302e-02
314.35271	-2.5837465e-03
314.39179	2.5625533e-02
314.43087	-2.4998901e-03
314.46996	-3.3779619e-03
314.50904	-3.2727089e-03
314.54812	3.3439476e-02
314.58720	8.4969851e-03
314.62628	-7.5022097e-03
314.66536	-1.2967603e-02
314.70445	-1.3569684e-02
314.74353	3.6395993e-02
314.78261	-2.9301064e-02
314.82169	-1.0143845e-02
314.86077	1.9489854e-02
314.89985	3.0214107e-02
314.93894	3.5719888e-03
314.97802	2.2142167e-02
315.01710	2.1548243e-02
315.05618	2.6006036e-02
315.09526	7.1424008e-03
315.13434	3.9250647e-02
315.17342	1.0405530e-02
315.21251	3.7001861e-02
315.25159	-1.5676752e-02
315.29067	2.5138371e-02
315.32975	-1.8807560e-02
315.36883	-2.3659892e-02
315.40791	1.6321704e-02
315.44700	-1.0229907e-02
315.48608	1.5277516e-02
315.52516	-1.5076624e-02
315.56424	3.8480835e-02
315.60332	6.5582508e-03
315.64240	-1.6260907e-02
315.68149	9.9063266e-03
315.72057	2.4053547e-02
315.75965	-8.9957488e-03
315.79873	1.6767373e-02
315.83781	4.7388392e-02
315.87689	2.3795622e-02
315.91597	6.2529993e-03
315.95506	-4.9268124e-03
315.99414	1.8027876e-02
316.03322	-2.3862031e-02
316.07230	-5.4309600e-02
316.11138	-6.8572315e-03
316.15046	-1.5179542e-02
316.18955	4.1371933e-02
316.22863	9.2939984e-03
316.26771	-1.3197820e-02
316.30679	-1.6749519e-02
316.34587	1.6510022e-02
316.38495	-1.0084807e-02
316.42404	-5.1160996e-03
316.46312	4.7262586e-03
316.50220	8.3342133e-03
316.54128	8.5260414e-03
316.58036	8.9090259e-03
316.61944	3.2666215e-02
316.65852	4.0672191e-02
316.69761	-2.6385638e-02
316.73669	5.8240742e-02
316.77577	9.2792825e-03
316.81485	3.1591472e-02
316.85393	-8.0586887e-03
316.89301	1.3248269e-02
316.93210	1.1049212e-02
316.97118	9.0273908e-03
317.01026	2.3818789e-02
317.04934	1.9415194e-02
317.08842	-1.3327377e-02
317.12750	4.4400688e-03
317.16659	2.1386189e-02
317.20567	2.0599628e-02
317.24475	1.9925772e-04
317.28383	1.3380053e-03
317.32291	3.8975137e-03
317.36199	-1.5118215e-02
317.40107	-1.8779172e-02
317.44016	3.8375942e-02
317.47924	-9.1427462e-04
317.51832	8.8919889e-03
317.55740	-7.9520475e-03
317.59648	3.2963890e-02
317.63556	4.2056183e-02
317.67465	2.6162579e-03
317.71373	1.7322323e-02
317.75281	-8.0653378e-03
317.79189	4.2342052e-02
317.83097	2.5578164e-02
317.87005	-9.7437731e-03
317.90914	3.2017111e-02
317.94822	1.4277269e-02
317.98730	1.5368749e-02
318.02638	1.4237368e-02
318.06546	-6.2915411e-03
318.10454	-3.6738390e-03
318.14362	1.9553207e-02
318.18271	6.1068996e-03
318.22179	-1.1881166e-02
318.26087	4.7716663e-02
318.29995	2.8987340e-03
318.33903	-4.0930243e-03
318.37811	-6.8658111e-03
318.41720	2.0905026e-02
318.45628	2.6598523e-02
318.49536	1.2016125e-02
318.53444	2.4495812e-02
318.57352	-2.2865453e-02
318.61260	-3.0806825e-04
318.65169	-2.2873957e-03
318.69077	7.2255274e-03
318.72985	1.6893753e-02
318.76893	-3.3667013e-02
318.80801	6.9646429e-02
318.84709	-1.0232103e-02
318.88617	1.4006546e-02
318.92526	2.3672217e-02
318.96434	2.4138640e-02
319.00342	1.1911780e-02
319.04250	-5.1130382e-02
319.08158	-1.4679523e-02
319.12066	2.2221469e-02
319.15975	-1.1402648e-02
319.19883	-1.4106009e-02
319.23791	-4.0136805e-02
319.27699	3.1303726e-02
319.31607	1.7130136e-02
319.35515	-1.0956355e-02
319.39424	4.2096643e-03
319.43332	4.8139531e-03
319.47240	-1.5519109e-02
319.51148	1.2992486e-03
319.55056	1.1830190e-02
319.58964	1.7784917e-02
319.62872	3.2040510e-02
319.66781	7.2780857e-03
319.70689	-2.5559329e-03
319.74597	1.4737644e-02
319.78505	-5.9149394e-03
319.82413	-1.8362307e-02
319.86321	2.9535651e-02
319.90230	-9.5243103e-04
319.94138	9.0964858e-03
319.98046	1.9689388e-02
320.01954	-1.5451724e-02
320.05862	1.9516353e-02
320.09770	1.5726626e-02
320.13679	4.7852004e-03
320.17587	1.4640351e-02
320.21495	-8.3709105e-03
320.25403	-3.7326702e-02
320.29311	1.1308309e-03
320.33219	-1.1403206e-02
320.37128	2.4211566e-02
320.41036	1.2132050e-02
320.44944	-3.7335049e-03
320.48852	7.8404671e-03
320.52760	3.3973407e-02
320.56668	2.9622699e-02
320.60576	1.4312099e-02
320.64485	1.5574787e-02
320.68393	1.4162309e-03
320.72301	4.3877610e-03
320.76209	1.8797057e-02
320.80117	4.6386249e-03
320.84025	1.3030375e-02
320.87934	-1.5247566e-02
320.91842	-2.6290544e-02
320.95750	-2.6885162e-02
320.99658	-1.6351979e-03
321.03566	3.3711272e-02
321.07474	3.0835132e-02
321.11383	-1.2771835e-02
321.15291	-2.3923772e-02
321.19199	2.3095288e-02
321.23107	1.6516368e-02
321.27015	-2.0098942e-02
321.30923	2.8452173e-02
321.34831	1.0810958e-02
321.38740	3.3832616e-02
321.42648	1.4225662e-02
321.46556	2.5200133e-02
321.50464	1.3845898e-02
321.54372	-1.1615626e-02
321.58280	2.8090664e-03
321.62189	-6.0637022e-03
321.66097	2.4116272e-02
321.70005	-1.2391306e-02
321.73913	-2.3105971e-02
321.77821	2.1235888e-02
321.81729	3.0535463e-02
321.85638	3.6556687e-02
321.89546	2.9527471e-02
321.93454	-2.2477707e-02
321.97362	-6.2327635e-03
322.01270	-3.2396060e-03
322.05178	7.2984144e-03
322.09086	-3.5308116e-02
322.12995	7.6084269e-03
322.16903	1.3359426e-02
322.20811	-1.1160581e-02
322.24719	1.0246349e-02
322.28627	3.1740089e-02
322.32535	8.8621035e-03
322.36444	2.9112622e-02
322.40352	2.8283557e-02
322.44260	1.6245485e-02
322.48168	1.5742681e-02
322.52076	6.6360127e-04
322.55984	3.2923170e-02
322.59893	-1.3403582e-03
322.63801	-5.8473903e-03
322.67709	2.2256906e-02
322.71617	-6.3451650e-03
322.75525	1.6734723e-02
322.79433	2.9393558e-02
322.83341	9.9104401e-03
322.87250	1.0451790e-02
322.91158	2.6761863e-02
322.95066	2.3510899e-02
322.98974	-2.2336078e-02
323.02882	-1.7681873e-02
323.06790	3.5212616e-02
323.10699	1.6431548e-02
323.14607	-3.2945717e-02
323.18515	-1.8247027e-02
323.22423	9.2910381e-03
323.26331	-1.0752380e-02
323.30239	1.8275893e-02
323.34148	1.0525569e-02
323.38056	1.8839940e-02
323.41964	-1.4284658e-02
323.45872	2.1554364e-02
323.49780	4.8394273e-02
323.53688	-6.6335081e-03
323.57596	3.5606350e-02
323.61505	2.9028374e-02
323.65413	2.2335136e-02
323.69321	8.2132884e-03
323.73229	-1.3646780e-02
323.77137	-7.9179141e-03
323.81045	2.5000891e-02
323.84954	2.9374429e-02
323.88862	3.4315202e-02
323.92770	2.9139939e-02
323.96678	2.8055990e-02
324.00586	1.3782294e-03
324.04494	-1.4010349e-02
324.08403	1.4292527e-02
324.12311	2.0297453e-02
324.16219	1.2096288e-02
324.20127	-1.9954984e-02
324.24035	1.2075158e-04
324.27943	-1.8923156e-02
324.31851	1.3622757e-02
324.35760	-1.0204286e-02
324.39668	7.5500526e-03
324.43576	1.7434611e-02
324.47484	1.3853902e-02
324.51392	3.8569530e-02
324.55300	-1.0796348e-02
324.59209	-3.2233143e-02
324.63117	3.0462087e-02
324.67025	3.9734603e-02
324.70933	4.0462653e-02
324.74841	1.7681124e-02
324.78749	2.2930699e-02
324.82658	1.4744699e-02
324.86566	-1.3422087e-02
324.90474	1.2602780e-03
324.94382	2.2802135e-02
324.98290	1.5411696e-03
325.02198	5.1488268e-02
325.06106	-1.7235859e-02
325.10015	5.1830354e-03
325.13923	3.6370204e-02
325.17831	2.3393956e-03
325.21739	-7.7784668e-03
325.25647	-1.1937072e-02
325.29555	1.1543808e-03
325.33464	4.6386908e-02
325.37372	2.4884200e-02
325.41280	2.7620033e-02
325.45188	7.5433399e-03
325.49096	3.5527005e-02
325.53004	2.1543167e-02
325.56913	1.8262428e-03
325.60821	1.2127270e-02
325.64729	2.6235014e-02
325.68637	4.6676272e-02
325.72545	2.3289875e-02
325.76453	3.5742144e-02
325.80362	6.7507016e-02
325.84270	1.2636457e-02
325.88178	5.3885444e-03
325.92086	5.1586260e-02
325.95994	4.2483220e-02
325.99902	3.3679574e-02
326.03810	4.2980324e-02
326.07719	3.3237029e-02
326.11627	5.2402496e-02
326.15535	3.7716974e-02
326.19443	6.2880982e-02
326.23351	2.5993297e-02
326.27259	3.5680080e-02
326.31168	5.7024304e-02
326.35076	4.8018224e-02
326.38984	7.4070253e-02
326.42892	6.2070787e-02
326.46800	5.4801671e-02
326.50708	7.2501927e-02
326.54617	6.0325109e-02
326.58525	4.2157431e-02
326.62433	5.2818516e-02
326.66341	6.1492847e-02
326.70249	6.9819379e-02
326.74157	8.2508474e-02
326.78065	9.9720564e-02
326.81974	9.3080901e-02
326.85882	1.1775929e-01
326.89790	1.0732273e-01
326.93698	7.7300405e-02
326.97606	1.1296737e-01
327.01514	1.0208779e-01
327.05423	6.7609984e-02
327.09331	8.0889132e-02
327.13239	9.4334671e-02
327.17147	7.4902570e-02
327.21055	8.7937100e-02
327.24963	7.3004020e-02
327.28872	7.6606457e-02
327.32780	5.3608851e-02
327.36688	6.5041816e-02
327.40596	4.7709092e-02
327.44504	6.6062116e-02
327.48412	1.6433999e-02
327.52320	5.4641966e-02
327.56229	7.0766796e-02
327.60137	5.5291314e-02
327.64045	4.1208348e-02
327.67953	5.0617354e-02
327.71861	2.1155492e-02
327.75769	1.9794985e-02
327.79678	2.7684728e-02
327.83586	3.0456688e-02
327.87494	5.1408380e-02
327.91402	1.2958956e-02
327.95310	4.9712252e-02
327.99218	-2.8014330e-03
328.03127	1.1961486e-02
328.07035	2.6085258e-02
328.10943	4.9196213e-02
328.14851	1.3055412e-02
328.18759	-1.8191969e-02
328.22667	3.2510985e-02
328.26575	2.3014604e-02
328.30484	1.4916160e-03
328.34392	1.8496396e-03
328.38300	8.4654440e-03
328.42208	2.4018056e-02
328.46116	3.5044941e-02
328.50024	-8.0272149e-03
328.53933	6.7091685e-02
328.57841	2.0378883e-02
328.61749	1.3530205e-02
328.65657	3.4297980e-02
328.69565	2.2893875e-02
328.73473	6.7355113e-02
328.77382	4.2466664e-02
328.81290	1.3094588e-02
328.85198	1.2612362e-02
328.89106	1.0409502e-02
328.93014	1.3495618e-02
328.96922	3.3769124e-02
329.00830	7.3678157e-03
329.04739	5.2530194e-02
329.08647	1.8638660e-02
329.12555	1.7353759e-02
329.16463	3.9248240e-02
329.20371	-1.9291784e-02
329.24279	1.5820145e-03
329.28188	3.2297809e-02
329.32096	2.0574352e-02
329.36004	2.0130304e-02
329.39912	2.8341937e-02
329.43820	8.4236965e-03
329.47728	1.7054698e-02
329.51637	-6.7038372e-03
329.55545	-1.6943516e-02
329.59453	4.5896376e-02
329.63361	1.9961742e-03
329.67269	6.3807122e-03
329.71177	4.8680767e-02
329.75085	4.2000668e-02
329.78994	1.0339938e-02
329.82902	1.0301336e-02
329.86810	1.9354592e-02
329.90718	1.9565927e-03
329.94626	3.2083843e-02
329.98534	2.4088400e-02
330.02443	2.3858903e-02
330.06351	3.6407452e-02
330.10259	3.5800902e-02
330.14167	5.8343705e-02
330.18075	5.1928160e-02
330.21983	-1.2505615e-02
330.25892	3.9746248e-02
330.29800	-4.7767589e-04
330.33708	-6.5484458e-03
330.37616	3.6359601e-02
330.41524	8.2708545e-03
330.45432	1.6340626e-02
330.49340	4.4003294e-02
330.53249	8.9627908e-03
330.57157	4.2740660e-03
330.61065	2.8816556e-02
330.64973	4.6857472e-02
330.68881	3.3075463e-02
330.72789	-8.4631735e-03
330.76698	9.7149005e-03
330.80606	1.9810556e-02
330.84514	6.1600581e-02
330.88422	4.1007563e-02
330.92330	4.0926624e-02
330.96238	4.8720555e-02
331.00147	1.8679043e-02
331.04055	3.5314167e-02
331.07963	3.5622573e-02
331.11871	4.6699946e-03
331.15779	2.2959391e-02
331.19687	3.4695524e-02
331.23596	1.9274879e-03
331.27504	3.9811038e-02
331.31412	3.8936188e-02
331.35320	4.4559046e-02
331.39228	8.5185424e-03
331.43136	2.6276246e-02
331.47044	5.3330053e-02
331.50953	4.0244300e-02
331.54861	8.7582765e-03
331.58769	2.9157132e-02
331.62677	5.3188034e-02
331.66585	2.3401676e-02
331.70493	3.2679787e-02
331.74402	7.6571074e-02
331.78310	2.4632263e-02
331.82218	2.4693242e-02
331.86126	7.8033972e-03
331.90034	1.4205255e-02
331.93942	5.6851124e-02
331.97851	2.4399292e-02
332.01759	3.5808931e-03
332.05667	8.8683201e-03
332.09575	2.7870256e-02
332.13483	4.3354085e-02
332.17391	1.3571520e-02
332.21299	4.3277118e-02
332.25208	2.0229784e-02
332.29116	3.9378486e-02
332.33024	4.1242951e-02
332.36932	3.9464647e-02
332.40840	1.8201322e-02
332.44748	2.3573796e-02
332.48657	3.7212687e-02
332.52565	1.3234985e-03
332.56473	3.0768959e-02
332.60381	3.7716565e-02
332.64289	4.8441175e-02
332.68197	2.6954223e-02
332.72106	2.4129169e-02
332.76014	3.0790802e-02
332.79922	1.3430703e-02
332.83830	2.4051945e-02
332.87738	3.6550498e-02
332.91646	3.4967923e-02
332.95554	9.8505486e-03
332.99463	2.4251199e-02
333.03371	-1.1994723e-02
333.07279	4.6237967e-02
333.11187	1.9614207e-02
333.15095	3.5110580e-02
333.19003	8.4548667e-03
333.22912	2.8864220e-02
333.26820	3.9597918e-02
333.30728	5.0454115e-02
333.34636	3.7497932e-03
333.38544	4.7994478e-02
333.42452	2.8004445e-02
333.46361	1.5970063e-02
333.50269	4.1185986e-02
333.54177	2.5946625e-02
333.58085	2.6117165e-02
333.61993	1.8156820e-02
333.65901	3.6895988e-02
333.69809	3.3372774e-02
333.73718	2.9371381e-02
333.77626	1.3965217e-02
333.81534	2.3054080e-02
333.85442	4.1563908e-02
333.89350	5.9314275e-02
333.93258	3.3456857e-02
333.97167	6.2488028e-02
334.01075	3.4267130e-02
334.04983	1.2931588e-02
334.08891	4.7602520e-02
334.12799	1.5953576e-02
334.16707	4.3545674e-02
334.20616	5.7175186e-02
334.24524	2.9903041e-02
334.28432	3.4565482e-02
334.32340	8.5936073e-02
334.36248	4.1690384e-02
334.40156	4.2477174e-02
334.44064	5.3114998e-02
334.47973	3.5846812e-02
334.51881	3.6361740e-02
334.55789	4.6064812e-02
334.59697	-9.0228140e-03
334.63605	6.7396880e-02
334.67513	1.8132410e-02
334.71422	1.8269819e-02
334.75330	5.0936964e-02
334.79238	4.1083870e-02
334.83146	1.5961976e-02
334.87054	4.5553158e-02
334.90962	1.8961358e-02
334.94871	2.8263110e-02
334.98779	1.2595870e-02
335.02687	2.6597076e-02
335.06595	5.1574649e-02
335.10503	4.6680365e-02
335.14411	5.1097594e-02
335.18319	6.4202439e-02
335.22228	4.6304257e-02
335.26136	3.6801902e-02
335.30044	4.2936910e-02
335.33952	7.7567744e-02
335.37860	4.5065999e-02
335.41768	5.1156439e-02
335.45677	4.3245008e-02
335.49585	5.0452226e-02
335.53493	5.4569923e-02
335.57401	4.6184897e-02
335.61309	4.3677640e-02
335.65217	3.1586915e-02
335.69126	3.0734683e-02
335.73034	5.6166715e-02
335.76942	6.3419572e-02
335.80850	6.7365822e-02
335.84758	5.0458351e-02
335.88666	3.3374771e-02
335.92574	6.2897135e-02
335.96483	6.3079246e-02
336.00391	2.1276554e-02
336.04299	6.7792701e-02
336.08207	6.3895551e-02
336.12115	8.6031109e-02
336.16023	3.0810659e-02
336.19932	2.8287872e-02
336.23840	7.0064214e-02
336.27748	1.9095350e-02
336.31656	4.0903778e-02
336.35564	3.4276164e-02
336.39472	3.6439744e-02
336.43381	1.9198135e-02
336.47289	5.3045095e-02
336.51197	7.7800302e-02
336.55105	6.7767154e-02
336.59013	6.8473001e-02
336.62921	5.3123113e-02
336.66830	8.9776281e-02
336.70738	7.2124293e-02
336.74646	8.3251676e-02
336.78554	3.2111121e-02
336.82462	7.0617530e-02
336.86370	4.1684625e-02
336.90278	7.2198875e-02
336.94187	6.9970724e-02
336.98095	4.4335284e-02
337.02003	7.1135140e-02
337.05911	9.1578970e-02
337.09819	7.9275732e-02
337.13727	8.1940461e-02
337.17636	5.3836875e-02
337.21544	5.8393438e-02
337.25452	5.0678373e-02
337.29360	7.6425516e-02
337.33268	9.8455098e-02
337.37176	8.4414463e-02
337.41085	7.6706233e-02
337.44993	5.5463996e-02
337.48901	8.7694662e-02
337.52809	7.5185888e-02
337.56717	4.3088851e-02
337.60625	4.7741492e-02
337.64533	7.6609487e-02
337.68442	6.6753226e-02
337.72350	1.1871954e-01
337.76258	8.7799518e-02
337.80166	6.7752036e-02
337.84074	8.0072954e-02
337.87982	1.2291420e-01
337.91891	7.3769877e-02
337.95799	1.0949254e-01
337.99707	1.0441130e-01
338.03615	1.2653691e-01
338.07523	1.0952096e-01
338.11431	9.2651037e-02
338.15340	1.1292307e-01
338.19248	1.0558220e-01
338.23156	1.2556292e-01
338.27064	1.0690118e-01
338.30972	1.4957710e-01
338.34880	1.1028103e-01
338.38788	1.2325222e-01
338.42697	1.0369281e-01
338.46605	1.2162963e-01
338.50513	1.2211315e-01
338.54421	1.2746741e-01
338.58329	1.4460315e-01
338.62237	1.1865456e-01
338.66146	1.1525614e-01
338.70054	1.5702637e-01
338.73962	1.3217444e-01
338.77870	1.2753741e-01
338.81778	1.6690592e-01
338.85686	1.6254439e-01
338.89595	9.7609578e-02
338.93503	1.4596247e-01
338.97411	1.7239763e-01
339.01319	1.7670084e-01
339.05227	1.5320215e-01
339.09135	1.9786753e-01
339.13043	1.5429619e-01
339.16952	1.6873894e-01
339.20860	1.7910507e-01
339.24768	1.7957271e-01
339.28676	1.9874092e-01
339.32584	2.0588104e-01
339.36492	1.8735417e-01
339.40401	2.1851017e-01
339.44309	1.7924066e-01
339.48217	1.9048652e-01
339.52125	2.3046406e-01
339.56033	1.9926499e-01
339.59941	2.1915985e-01
339.63850	1.8942998e-01
339.67758	1.9224253e-01
339.71666	1.9429705e-01
339.75574	1.9806647e-01
339.79482	1.8552274e-01
339.83390	1.8955062e-01
339.87298	1.9892534e-01
339.91207	2.0545812e-01
339.95115	1.7910153e-01
339.99023	1.8504485e-01
340.02931	1.8536531e-01
340.06839	1.4088256e-01
340.10747	1.2620265e-01
340.14656	1.8501101e-01
340.18564	1.7453687e-01
340.22472	1.4484454e-01
340.26380	1.4586528e-01
340.30288	1.1476102e-01
340.34196	9.9773877e-02
340.38105	1.2625205e-01
340.42013	8.1717398e-02
340.45921	1.1939566e-01
340.49829	7.6370896e-02
340.53737	8.3459253e-02
340.57645	1.0364173e-01
340.61553	9.0671286e-02
340.65462	3.7071978e-02
340.69370	5.5454824e-02
340.73278	8.6604723e-03
340.77186	1.6391450e-02
340.81094	3.8581264e-02
340.85002	6.6374425e-02
340.88911	3.9084750e-02
340.92819	7.6726749e-02
340.96727	8.6368815e-02
341.00635	7.9708868e-02
341.04543	1.2384587e-01
341.08451	1.7814824e-01
341.12360	1.6731537e-01
341.16268	1.9807660e-01
341.20176	2.2057259e-01
341.24084	2.0149388e-01
341.27992	2.4801419e-01
341.31900	2.5524916e-01
341.35809	2.5279969e-01
341.39717	2.3622517e-01
341.43625	1.8307022e-01
341.47533	1.5609105e-01
341.51441	1.2088703e-01
341.55349	8.0939791e-02
341.59257	3.9888881e-02
341.63166	2.7164318e-02
341.67074	-1.6012473e-02
341.70982	-1.1368871e-01
341.74890	-1.4249180e-01
341.78798	-2.4213692e-01
341.82706	-2.8055901e-01
341.86615	-3.4816234e-01
341.90523	-4.1031619e-01
341.94431	-4.1989400e-01
341.98339	-4.5466538e-01
342.02247	-4.9071328e-01
342.06155	-5.0996983e-01
342.10064	-5.2673371e-01
342.13972	-5.0834583e-01
342.17880	-5.0832406e-01
342.21788	-4.7543780e-01
342.25696	-4.8287107e-01
342.29604	-4.2902523e-01
342.33512	-3.9574019e-01
342.37421	-3.5252768e-01
342.41329	-3.2795895e-01
342.45237	-3.1791030e-01
342.49145	-3.1001797e-01
342.53053	-3.0991634e-01
342.56961	-2.5297059e-01
342.60870	-2.0641156e-01
342.64778	-1.8539073e-01
342.68686	-2.5476920e-01
342.72594	-2.0574804e-01
342.76502	-1.8490919e-01
342.80410	-1.8618978e-01
342.84319	-1.4903266e-01
342.88227	-1.3897904e-01
342.92135	-1.3656163e-01
342.96043	-1.1283645e-01
342.99951	-1.2920995e-01
343.03859	-1.0152032e-01
343.07767	-8.4198640e-02
343.11676	-3.2109176e-02
343.15584	-6.5899687e-02
343.19492	-2.0676289e-02
343.23400	1.6347292e-02
343.27308	1.7126841e-02
343.31216	5.1961222e-02
343.35125	4.0316526e-02
343.39033	7.9690276e-02
343.42941	1.0663360e-01
343.46849	1.5063679e-01
343.50757	1.3779225e-01
343.54665	1.6872399e-01
343.58574	1.5692594e-01
343.62482	1.7463527e-01
343.66390	2.1932012e-01
343.70298	2.1407186e-01
343.74206	2.4421238e-01
343.78114	2.4230042e-01
343.82022	2.8140878e-01
343.85931	2.9591676e-01
343.89839	2.3903538e-01
343.93747	2.9836039e-01
343.97655	2.7304831e-01
344.01563	2.7453414e-01
344.05471	2.6056440e-01
344.09380	2.7210488e-01
344.13288	2.2706908e-01
344.17196	2.2277802e-01
344.21104	2.0623806e-01
344.25012	2.0741881e-01
344.28920	1.9578294e-01
344.32829	1.6317582e-01
344.36737	1.2194302e-01
344.40645	6.3644161e-02
344.44553	-4.2276061e-03
344.48461	-1.1124804e-02
344.52369	-7.2191765e-02
344.56277	-1.2958301e-01
344.60186	-1.7528844e-01
344.64094	-2.7959587e-01
344.68002	-3.5632698e-01
344.71910	-4.7801270e-01
344.75818	-5.0145411e-01
344.79726	-5.9422734e-01
344.83635	-6.8620380e-01
344.87543	-7.3720434e-01
344.91451	-8.3248687e-01
344.95359	-8.8044150e-01
344.99267	-8.7826143e-01
345.03175	-9.3942453e-01
345.07084	-9.6165747e-01
345.10992	-9.7995020e-01
345.14900	-9.8658131e-01
345.18808	-9.9083786e-01
345.22716	-9.3624727e-01
345.26624	-9.6390672e-01
345.30532	-9.2264129e-01
345.34441	-9.1220666e-01
345.38349	-8.8191876e-01
345.42257	-8.8814092e-01
345.46165	-8.4051721e-01
345.50073	-7.3253719e-01
345.53981	-6.9450073e-01
345.57890	-6.9355043e-01
345.61798	-6.4611630e-01
345.65706	-5.9430604e-01
345.69614	-5.8823543e-01
345.73522	-4.9567604e-01
345.77430	-5.1569667e-01
345.81339	-4.7440503e-01
345.85247	-4.8176952e-01
345.89155	-3.6421528e-01
345.93063	-3.6296252e-01
345.96971	-3.0290608e-01
346.00879	-3.2832781e-01
346.04787	-2.7615172e-01
346.08696	-2.5773888e-01
346.12604	-2.3324819e-01
346.16512	-1.7536629e-01
346.20420	-1.5276168e-01
346.24328	-1.5326821e-01
346.28236	-1.7310432e-01
346.32145	-1.3283311e-01
346.36053	-1.1072507e-01
346.39961	-1.1462636e-01
346.43869	-1.0369693e-01
346.47777	-9.5801493e-02
346.51685	-1.1480056e-01
346.55594	-8.4081178e-02
346.59502	-4.9925420e-02
346.63410	-9.5673694e-02
346.67318	-6.8535970e-02
346.71226	-4.8460756e-02
346.75134	-8.7988072e-02
346.79043	-5.9455097e-02
346.82951	-8.7051007e-02
346.86859	-6.2020101e-02
346.90767	-7.5159664e-02
346.94675	-6.2339951e-02
346.98583	-5.1869553e-02
347.02491	-4.5487476e-02
347.06400	-4.2115892e-02
347.10308	-8.4394374e-02
347.14216	-2.8879210e-03
347.18124	-3.8689308e-02
347.22032	-5.3746045e-02
347.25940	-4.3140544e-02
347.29849	-2.3191952e-02
347.33757	-4.8339103e-02
347.37665	-3.5557837e-02
347.41573	-3.5710675e-02
347.45481	-1.4610426e-02
347.49389	-3.9516022e-02
347.53298	-1.4662114e-02
347.57206	-1.5981123e-02
347.61114	-2.5200510e-02
347.65022	3.2816390e-03
347.68930	-2.0471142e-02
347.72838	-4.3802416e-02
347.76746	-1.3689071e-02
347.80655	-1.6607047e-02
347.84563	-1.9333167e-02
347.88471	-1.3355656e-02
347.92379	2.9494965e-02
347.96287	-1.2338792e-02
348.00195	-7.3920205e-03
348.04104	-2.1038000e-02
348.08012	1.0532198e-02
348.11920	-1.6399075e-02
348.15828	-3.0920393e-02
348.19736	-3.8944617e-02
348.23644	-3.5898193e-03
348.27553	1.1048449e-03
348.31461	-4.5211660e-02
348.35369	-2.7592626e-02
348.39277	2.6322205e-05
348.43185	8.0436899e-03
348.47093	-3.8631659e-02
348.51001	-2.0104625e-02
348.54910	4.9788901e-03
348.58818	-2.2086237e-02
348.62726	-2.0176422e-02
348.66634	-2.1736029e-02
348.70542	-3.6822963e-02
348.74450	-9.5244010e-03
348.78359	-4.1563597e-03
348.82267	-3.8068832e-02
348.86175	-7.8243720e-03
348.90083	1.2524161e-02
348.93991	-5.2871303e-03
348.97899	9.6905424e-03
349.01808	-2.0064605e-02
349.05716	1.8482777e-02
349.09624	-2.4456911e-02
349.13532	2.9132833e-02
349.17440	-1.7401773e-02
349.21348	-2.2639799e-02
349.25256	-2.5972803e-02
349.29165	-1.6240067e-02
349.33073	-1.7715905e-02
349.36981	-2.1503862e-02
349.40889	-1.4180935e-02
349.44797	5.8162451e-03
349.48705	1.0282907e-02
349.52614	-1.4008114e-02
349.56522	1.7535443e-02
349.60430	-2.7032098e-02
349.64338	-2.7574293e-02
349.68246	-2.9599707e-02
349.72154	4.9080514e-03
349.76063	-3.7891753e-02
349.79971	-3.4238990e-02
349.83879	1.9489824e-02
349.87787	2.8251406e-02
349.91695	2.0934280e-02
349.95603	-3.5701872e-02
349.99511	-5.5699546e-03
350.03420	1.0889322e-02
350.07328	-3.7615303e-03
350.11236	-3.8011211e-02
350.15144	-1.2466450e-02
350.19052	-4.0161890e-02
350.22960	-3.1400436e-02
350.26869	3.6288175e-02
350.30777	6.1826711e-03
350.34685	-3.6631571e-02
350.38593	-3.5506947e-02
350.42501	4.7171627e-03
350.46409	-1.6546974e-02
350.50318	7.2417075e-03
350.54226	-1.7202675e-02
350.58134	-8.2084616e-03
350.62042	6.0688533e-04
350.65950	-2.4777585e-02
350.69858	-4.2483114e-02
350.73766	-2.7923880e-02
350.77675	-1.7971878e-02
350.81583	-8.0581794e-03
350.85491	-5.1255349e-03
350.89399	-5.2580816e-03
350.93307	6.3944318e-03
350.97215	-2.1712942e-02
351.01124	2.4062598e-02
351.05032	3.6186072e-02
351.08940	2.1642970e-03
351.12848	-2.2673038e-03
351.16756	1.9653060e-02
351.20664	8.0852521e-03
351.24573	-9.8922531e-04
351.28481	-8.0515704e-03
351.32389	-1.9484495e-02
351.36297	-2.8148293e-02
351.40205	8.4226726e-03
351.44113	1.8663888e-02
351.48021	-2.6591897e-02
351.51930	-7.6755833e-03
351.55838	-3.8922522e-03
351.59746	-1.5144277e-02
351.63654	-1.8153982e-02
351.67562	-1.0151046e-02
351.71470	-4.1684114e-02
351.75379	-3.4737771e-03
351.79287	-8.1145614e-03
351.83195	4.0128581e-02
351.87103	1.6541905e-02
351.91011	-9.0788289e-03
351.94919	-2.3089186e-03
351.98828	3.2193160e-02
352.02736	3.0011765e-02
352.06644	1.6051460e-03
352.10552	-4.6374558e-03
352.14460	-3.0948752e-02
352.18368	-9.3878467e-03
352.22277	-7.4101056e-03
352.26185	-1.8598991e-02
352.30093	3.1401592e-02
352.34001	-4.0462776e-02
352.37909	-5.5101926e-03
352.41817	5.4528857e-03
352.45725	6.1315398e-03
352.49634	3.1196710e-02
352.53542	-3.0450637e-02
352.57450	-1.7390449e-02
352.61358	-4.4727839e-04
352.65266	2.9442924e-04
352.69174	-1.0032184e-02
352.73083	-1.7571338e-02
352.76991	1.9199082e-02
352.80899	-2.3232357e-02
352.84807	-1.3717401e-02
352.88715	2.6552652e-02
352.92623	3.2502470e-02
352.96532	1.5275714e-02
353.00440	-1.9349982e-02
353.04348	-1.9190004e-02
353.08256	-2.0101235e-02
353.12164	-2.4794225e-02
353.16072	-1.0415710e-02
353.19980	2.3323517e-02
353.23889	2.3646879e-03
353.27797	-1.7200380e-02
353.31705	-1.7643613e-02
353.35613	-2.5601437e-02
353.39521	2.2037042e-02
353.43429	-4.2501717e-02
353.47338	3.3455099e-03
353.51246	-3.0936610e-02
353.55154	-2.3347033e-02
353.59062	-3.1951153e-02
353.62970	1.7059800e-02
353.66878	-3.8618957e-03
353.70787	5.2613469e-02
353.74695	-2.3022174e-02
353.78603	-2.4202678e-02
353.82511	9.4712814e-03
353.86419	8.8812792e-03
353.90327	-8.0416082e-03
353.94235	-4.2868265e-02
353.98144	2.6394397e-02
354.02052	8.8160834e-03
354.05960	5.3605991e-03
354.09868	-1.4551304e-02
354.13776	1.0060043e-02
354.17684	-1.4057791e-02
354.21593	-2.0962543e-03
354.25501	-6.8533663e-03
354.29409	2.1939798e-02
354.33317	-1.2807612e-02
354.37225	-1.0539293e-02
354.41133	1.8157978e-02
354.45042	9.6050269e-05
354.48950	-5.8019801e-03
354.52858	-1.2600530e-02
354.56766	1.3126644e-02
354.60674	-1.4671059e-02
354.64582	8.3949353e-03
354.68490	3.9570674e-02
354.72399	6.9306370e-03
354.76307	-1.6786779e-02
354.80215	-2.5141566e-02
354.84123	1.8278578e-03
354.88031	-2.5685103e-02
354.91939	-3.3036006e-02
354.95848	-1.6357186e-02
354.99756	-2.3097678e-02
355.03664	1.6306433e-02
355.07572	-3.0258644e-02
355.11480	3.0413718e-02
355.15388	-1.6303715e-02
355.19297	1.0932596e-03
355.23205	1.2152161e-02
355.27113	3.1601071e-03
355.31021	1.3104933e-02
355.34929	-2.1087314e-02
355.38837	-4.6821582e-02
355.42745	-5.4148450e-03
355.46654	-3.5057892e-02
355.50562	-1.3050372e-02
355.54470	1.7441082e-02
355.58378	-5.4275975e-03
355.62286	-1.3363604e-02
355.66194	-2.4116332e-02
355.70103	-7.3734337e-03
355.74011	-5.0163361e-03
355.77919	-3.3220433e-02
355.81827	4.3147029e-03
355.85735	-2.3111854e-02
355.89643	2.7683368e-03
355.93552	-1.0651665e-02
355.97460	1.8189743e-02
356.01368	1.5514953e-02
356.05276	-1.4383779e-03
356.09184	-3.7886999e-03
356.13092	7.1726905e-03
356.17000	2.6114445e-02
356.20909	1.9818320e-02
356.24817	1.7719141e-03
356.28725	4.9852996e-03
356.32633	3.0312700e-02
356.36541	-3.3910331e-02
356.40449	9.6979647e-03
356.44358	-1.9134616e-02
356.48266	2.6078367e-02
356.52174	-1.0872249e-02
356.56082	-3.1622967e-03
356.59990	-2.2613301e-02
356.63898	-4.8340288e-04
356.67807	1.5139591e-02
356.71715	3.2790760e-02
356.75623	-2.5909262e-02
356.79531	-9.3987549e-03
356.83439	7.7729105e-02
356.87347	1.8434718e-02
356.91255	-5.1283320e-04
356.95164	1.0141637e-02
356.99072	-5.3638031e-02
357.02980	3.2070394e-02
357.06888	2.9502919e-03
357.10796	-2.8912539e-02
357.14704	2.3242428e-02
357.18613	-1.2740900e-02
357.22521	-2.0684075e-02
357.26429	1.0390883e-02
357.30337	7.9741972e-03
357.34245	-9.2435086e-03
357.38153	-1.5162535e-03
357.42062	-2.6933854e-02
357.45970	-2.8967436e-02
357.49878	1.7983215e-02
357.53786	2.6345677e-02
357.57694	8.6257047e-03
357.61602	7.4727931e-03
357.65511	-7.9219519e-03
357.69419	-2.6038626e-03
357.73327	-1.8746498e-02
357.77235	3.5165418e-02
357.81143	-1.1360854e-02
357.85051	8.2120480e-03
357.88959	3.3349356e-06
357.92868	-2.8005619e-02
357.96776	3.8783870e-02
358.00684	-7.5165986e-03
358.04592	-1.5374517e-02
358.08500	2.2932802e-03
358.12408	-1.7965932e-02
358.16317	5.9260737e-04
358.20225	-1.9205688e-02
358.24133	1.1306701e-02
358.28041	1.1131792e-03
358.31949	-2.7365728e-02
358.35857	2.0753964e-02
358.39766	3.8864577e-03
358.43674	-2.2058158e-02
358.47582	7.2280462e-03
358.51490	8.6616421e-03
358.55398	3.7314612e-02
358.59306	-1.7205162e-02
358.63214	1.7222523e-02
358.67123	-1.7751183e-03
358.71031	1.2465643e-02
358.74939	-5.1122135e-03
358.78847	-1.0099282e-03
358.82755	1.0115230e-02
358.86663	-2.3682605e-02
358.90572	-4.1971551e-02
358.94480	-3.3112775e-06
358.98388	-8.7355700e-03
359.02296	1.9624212e-03
359.06204	1.3118083e-02
359.10112	-4.0676865e-03
359.14021	2.4225366e-02
359.17929	-4.8101540e-04
359.21837	2.6454829e-03
359.25745	1.7101899e-02
359.29653	1.2231946e-02
359.33561	-1.2919401e-03
359.37469	3.0295589e-03
359.41378	-1.4650154e-02
359.45286	-1.1770805e-02
359.49194	2.6264532e-03
359.53102	1.6925081e-02
359.57010	-8.1188765e-03
359.60918	1.7470766e-02
359.64827	3.9588728e-02
359.68735	4.3755512e-02
359.72643	1.2714491e-03
359.76551	2.1918287e-02
359.80459	1.3057117e-02
359.84367	1.6613758e-02
359.88276	1.7683090e-02
359.92184	1.1401845e-02
359.96092	1.7508785e-02
360.00000	4.8136384e-03