# Synthetic 2-component (sharp nitroxide + broad radical)
# Microwave Frequency: 9.85 GHz
# Field unit: mT
Field_mT	Intensity
342.82769	-1.2766432e-02
342.84333	-3.2234641e-03
342.85897	3.3546863e-02
342.87461	1.3456851e-02
342.89025	-3.2552525e-02
342.90589	1.7289052e-04
342.92153	-1.2190772e-02
342.93717	3.2526913e-03
342.95281	-3.1882125e-02
342.96845	5.1186499e-03
342.98409	4.9924242e-03
342.99973	3.1798932e-02
343.01537	6.6209291e-03
343.03101	1.0500592e-02
343.04665	-2.9571033e-02
343.06229	4.5347537e-02
343.07794	-3.8018290e-02
343.09358	2.2332338e-02
343.10922	-6.3000881e-03
343.12486	-1.7313232e-02
343.14050	-1.2824283e-02
343.15614	-1.3137146e-02
343.17178	7.9086745e-03
343.18742	-1.8945234e-03
343.20306	2.9959845e-02
343.21870	-3.6281873e-02
343.23434	2.5038664e-04
343.24998	-1.7527297e-02
343.26562	1.5833082e-02
343.28126	-4.2043714e-02
343.29690	-6.5545453e-03
343.31254	4.5246700e-03
343.32818	-2.9362276e-02
343.34382	2.0029306e-02
343.35946	3.9011773e-03
343.37510	2.0465973e-02
343.39074	1.9514479e-02
343.40638	-1.9264350e-02
343.42202	-1.5621199e-02
343.43766	-3.7299430e-03
343.45330	1.5297908e-02
343.46894	1.7360081e-02
343.48458	-1.3850924e-02
343.50022	-1.1799116e-02
343.51586	-1.5609559e-02
343.53150	-1.1335778e-02
343.54714	-4.4073765e-03
343.56278	-2.2830887e-03
343.57842	4.1517640e-02
343.59406	-9.7705671e-03
343.60970	-5.4148082e-03
343.62534	9.5334243e-03
343.64098	-1.8697403e-02
343.65663	-7.0062386e-03
343.67227	6.3491845e-04
343.68791	1.5853731e-02
343.70355	-2.5947204e-02
343.71919	2.7804782e-02
343.73483	-6.6714355e-03
343.75047	3.7683782e-03
343.76611	1.7324173e-02
343.78175	1.3600642e-02
343.79739	2.1571818e-02
343.81303	3.8535530e-03
343.82867	-2.3399116e-07
343.84431	6.7240606e-03
343.85995	-1.9517341e-02
343.87559	2.4683212e-02
343.89123	-1.5105741e-02
343.90687	-2.4800354e-02
343.92251	4.1535261e-02
343.93815	-2.3192302e-03
343.95379	-2.3170224e-02
343.96943	3.7460295e-02
343.98507	-6.1767026e-03
344.00071	2.1661737e-02
344.01635	-1.6166858e-02
344.03199	-4.5499664e-03
344.04763	-3.3342212e-02
344.06327	-3.7747648e-02
344.07891	-1.9094764e-02
344.09455	-1.1240405e-03
344.11019	1.6399291e-02
344.12583	4.8966847e-02
344.14147	-2.0191937e-02
344.15711	2.0629040e-02
344.17275	-1.1635649e-02
344.18839	-2.5964536e-03
344.20403	-2.9166712e-02
344.21968	-2.9119580e-02
344.23532	-1.5106037e-02
344.25096	-2.3395970e-02
344.26660	3.9824883e-04
344.28224	-1.3577831e-02
344.29788	2.5489549e-02
344.31352	3.5391793e-03
344.32916	3.7867545e-03
344.34480	2.3233929e-02
344.36044	1.0850733e-02
344.37608	-2.5487914e-04
344.39172	-1.3193648e-03
344.40736	-1.9205185e-03
344.42300	2.2036275e-02
344.43864	1.6166961e-02
344.45428	7.8270517e-03
344.46992	1.6488754e-02
344.48556	-1.0374992e-02
344.50120	1.0739668e-02
344.51684	-2.7723890e-02
344.53248	2.7471798e-02
344.54812	2.3309883e-03
344.56376	4.2015532e-03
344.57940	1.2525074e-02
344.59504	3.4694373e-04
344.61068	-4.5372497e-03
344.62632	2.4344408e-02
344.64196	2.8675725e-03
344.65760	-1.7760995e-02
344.67324	9.3515320e-03
344.68888	-3.3538103e-02
344.70452	3.3679144e-02
344.72016	-2.8503004e-03
344.73580	1.4940637e-03
344.75144	4.5735899e-02
344.76708	4.3619454e-02
344.78272	2.9049472e-03
344.79837	1.3090362e-02
344.81401	2.2400894e-02
344.82965	3.4242019e-02
344.84529	-2.0159150e-03
344.86093	3.3155328e-03
344.87657	2.5107441e-02
344.89221	6.0102330e-03
344.90785	1.5713738e-02
344.92349	1.2825489e-02
344.93913	-2.2065338e-02
344.95477	-1.6541272e-02
344.97041	-5.2184537e-02
344.98605	-4.5554355e-03
345.00169	2.7428512e-02
345.01733	-2.1527539e-02
345.03297	2.5337547e-02
345.04861	2.0657327e-02
345.06425	-4.2546287e-04
345.07989	5.2417456e-04
345.09553	2.3381469e-03
345.11117	-1.6535127e-02
345.12681	-4.9548177e-03
345.14245	-2.3426493e-04
345.15809	1.2941064e-02
345.17373	1.6543898e-02
345.18937	-1.4141729e-02
345.20501	1.7232741e-02
345.22065	-1.4833432e-02
345.23629	-2.6487948e-03
345.25193	8.1252568e-03
345.26757	2.8775312e-04
345.28321	-1.7926659e-03
345.29885	6.1411645e-03
345.31449	-1.0297793e-02
345.33013	-1.2289226e-02
345.34577	-3.3122153e-03
345.36142	2.0001524e-02
345.37706	-1.2511670e-03
345.39270	3.8878780e-02
345.40834	5.0796427e-03
345.42398	-5.8687106e-02
345.43962	-7.9838523e-03
345.45526	3.4114326e-02
345.47090	9.4705136e-04
345.48654	-7.9299794e-03
345.50218	-1.6639871e-02
345.51782	2.7315980e-02
345.53346	2.0903286e-02
345.54910	1.4294337e-02
345.56474	9.4225970e-03
345.58038	2.9685676e-02
345.59602	1.7298654e-02
345.61166	-2.3714243e-02
345.62730	1.6257858e-02
345.64294	4.2888160e-03
345.65858	-1.3027251e-03
345.67422	1.6178896e-02
345.68986	1.4864079e-03
345.70550	-5.7744792e-02
345.72114	3.2081780e-02
345.73678	2.1696215e-02
345.75242	-1.5020852e-03
345.76806	-6.4902613e-03
345.78370	5.4987009e-03
345.79934	-2.4713993e-02
345.81498	7.1102402e-03
345.83062	-3.6134783e-03
345.84626	-6.0601238e-03
345.86190	-1.7454952e-02
345.87754	-1.2556683e-02
345.89318	2.3150691e-02
345.90882	2.7734003e-02
345.92446	1.1099265e-02
345.94011	1.4079570e-04
345.95575	-1.6497412e-02
345.97139	1.5424963e-02
345.98703	3.3297954e-02
346.00267	-3.1201400e-02
346.01831	2.4583424e-02
346.03395	-4.2205484e-02
346.04959	-5.6824878e-03
346.06523	8.8200853e-03
346.08087	-2.6162133e-02
346.09651	-2.9192071e-02
346.11215	4.8714738e-03
346.12779	1.8702676e-02
346.14343	-8.3301855e-03
346.15907	2.8067342e-02
346.17471	-1.4398186e-02
346.19035	3.6298166e-02
346.20599	3.6302526e-03
346.22163	5.9393663e-03
346.23727	1.3543297e-02
346.25291	7.6765408e-03
346.26855	3.8183170e-02
346.28419	4.5408926e-02
346.29983	1.2213467e-02
346.31547	-2.0109935e-03
346.33111	-2.2206772e-02
346.34675	-1.3759963e-02
346.36239	1.5249388e-03
346.37803	-6.7420378e-04
346.39367	4.9185743e-04
346.40931	1.4792146e-03
346.42495	1.1302119e-02
346.44059	-2.5609176e-02
346.45623	-1.9091532e-02
346.47187	2.3869980e-02
346.48751	1.8211169e-02
346.50316	-9.2563802e-03
346.51880	2.7380040e-02
346.53444	-1.2040173e-02
346.55008	-3.5337129e-03
346.56572	-3.4992628e-02
346.58136	1.8474093e-02
346.59700	1.3716741e-03
346.61264	2.2957604e-02
346.62828	1.5762680e-02
346.64392	3.5824565e-03
346.65956	4.9290296e-03
346.67520	2.5666349e-02
346.69084	-1.4550057e-03
346.70648	-1.1878444e-03
346.72212	3.2781988e-03
346.73776	1.8066116e-02
346.75340	2.0472252e-02
346.76904	4.0415906e-02
346.78468	5.6476055e-04
346.80032	2.7530786e-02
346.81596	-1.0737049e-02
346.83160	1.4498320e-02
346.84724	5.0099373e-03
346.86288	3.7273852e-02
346.87852	1.4821385e-02
346.89416	-6.2748744e-03
346.90980	1.4303486e-02
346.92544	9.7105887e-03
346.94108	-3.5111253e-03
346.95672	-3.0267209e-03
346.97236	-1.5978597e-02
346.98800	5.8082954e-02
347.00364	5.6757456e-03
347.01928	2.2492493e-02
347.03492	-2.0278362e-02
347.05056	-1.8653515e-02
347.06620	2.8963845e-05
347.08185	1.4400779e-04
347.09749	1.9196821e-02
347.11313	-1.6898104e-02
347.12877	1.4002165e-02
347.14441	3.3535870e-02
347.16005	-1.5023393e-02
347.17569	2.1483858e-02
347.19133	-1.5897960e-02
347.20697	1.0265173e-02
347.22261	1.0635872e-02
347.23825	3.8144541e-02
347.25389	-1.0390744e-02
347.26953	6.8177816e-03
347.28517	2.4351425e-02
347.30081	-1.9935149e-02
347.31645	3.3517087e-03
347.33209	-1.3840934e-02
347.34773	-1.0451468e-02
347.36337	1.7255732e-02
347.37901	1.7656913e-02
347.39465	5.5230625e-02
347.41029	3.1249116e-02
347.42593	2.9519923e-02
347.44157	4.2924419e-04
347.45721	-2.2208097e-03
347.47285	6.5516886e-03
347.48849	-4.1669932e-02
347.50413	3.6995199e-02
347.51977	-9.5573648e-03
347.53541	-1.7332274e-02
347.55105	-5.2872406e-03
347.56669	2.1381821e-02
347.58233	2.8750593e-02
347.59797	-3.6467121e-03
347.61361	1.2619347e-02
347.62925	2.7658188e-03
347.64490	-1.6004765e-02
347.66054	7.3326326e-03
347.67618	4.5033772e-03
347.69182	-2.6780168e-02
347.70746	2.6001689e-02
347.72310	-2.7413635e-02
347.73874	8.7194286e-03
347.75438	-1.6931111e-02
347.77002	-1.2182753e-02
347.78566	-9.9163161e-03
347.80130	1.8264290e-02
347.81694	-2.0885278e-02
347.83258	4.2345969e-04
347.84822	3.5311921e-02
347.86386	-9.6126233e-03
347.87950	3.7071114e-03
347.89514	1.7667557e-02
347.91078	-7.2360501e-03
347.92642	1.3967286e-02
347.94206	-8.7115607e-03
347.95770	1.8550932e-02
347.97334	5.8526828e-03
347.98898	-1.4067502e-02
348.00462	3.2896634e-02
348.02026	2.8738682e-03
348.03590	-7.6621540e-04
348.05154	-1.3604775e-02
348.06718	-4.4466495e-03
348.08282	3.0885872e-03
348.09846	8.5179973e-03
348.11410	2.7108936e-02
348.12974	-2.1152772e-02
348.14538	-1.7137637e-03
348.16102	2.9267084e-02
348.17666	9.0490538e-03
348.19230	1.3649823e-02
348.20794	3.7421502e-02
348.22359	1.2387973e-02
348.23923	1.5043069e-02
348.25487	4.9799313e-03
348.27051	4.1233167e-02
348.28615	2.6963311e-02
348.30179	-8.3803881e-03
348.31743	1.7097950e-02
348.33307	-1.6749152e-02
348.34871	2.8046049e-02
348.36435	1.9819741e-02
348.37999	3.2762582e-03
348.39563	-1.4747387e-03
348.41127	-2.9246389e-02
348.42691	2.2019248e-02
348.44255	4.5025836e-03
348.45819	7.1408057e-04
348.47383	2.1516222e-02
348.48947	-6.1359905e-03
348.50511	-4.4666228e-03
348.52075	-6.5044458e-03
348.53639	-1.9564451e-02
348.55203	5.5812715e-02
348.56767	3.8594811e-03
348.58331	8.7954280e-04
348.59895	2.6036652e-02
348.61459	-5.4815932e-02
348.63023	7.7037553e-03
348.64587	8.7261367e-03
348.66151	-1.0805112e-02
348.67715	1.7973015e-02
348.69279	-3.1595084e-02
348.70843	9.1316127e-03
348.72407	2.6748955e-02
348.73971	-3.5340427e-02
348.75535	-1.9831619e-02
348.77099	6.0041514e-03
348.78663	8.7973544e-03
348.80228	-3.7626985e-03
348.81792	1.6475458e-02
348.83356	1.4221916e-02
348.84920	-1.7444363e-02
348.86484	7.7328509e-03
348.88048	-1.5526776e-02
348.89612	-3.1229632e-02
348.91176	-3.7560873e-02
348.92740	3.1700780e-02
348.94304	9.1317455e-03
348.95868	5.1514195e-02
348.97432	-1.6104003e-02
348.98996	7.0122574e-03
349.00560	2.2034297e-02
349.02124	1.3789545e-02
349.03688	2.8391325e-02
349.05252	2.3409761e-02
349.06816	1.0854015e-02
349.08380	-2.0051331e-02
349.09944	1.2124775e-02
349.11508	7.2122472e-02
349.13072	6.3536347e-02
349.14636	9.4419065e-02
349.16200	8.9900772e-02
349.17764	1.6046487e-01
349.19328	2.4898354e-01
349.20892	4.1755564e-01
349.22456	5.7339019e-01
349.24020	7.0678582e-01
349.25584	7.1710859e-01
349.27148	3.6780609e-01
349.28712	-1.3951456e-01
349.30276	-5.9946337e-01
349.31840	-6.5919501e-01
349.33404	-6.0344200e-01
349.34968	-4.3882442e-01
349.36533	-2.7958390e-01
349.38097	-1.3024129e-01
349.39661	-8.6641788e-02
349.41225	-5.1610786e-02
349.42789	-4.1235639e-02
349.44353	1.4304695e-03
349.45917	-1.2879142e-02
349.47481	-3.3229861e-05
349.49045	1.4003837e-02
349.50609	3.1621053e-02
349.52173	7.0098903e-03
349.53737	3.7486594e-02
349.55301	6.1993055e-02
349.56865	-9.0899662e-04
349.58429	5.8341291e-02
349.59993	7.6283691e-02
349.61557	2.3444600e-02
349.63121	4.9596029e-02
349.64685	1.1865749e-02
349.66249	4.8201039e-02
349.67813	3.6954895e-02
349.69377	5.1673922e-02
349.70941	2.9343561e-02
349.72505	3.3428031e-02
349.74069	4.3142442e-02
349.75633	4.0125149e-02
349.77197	4.4315012e-02
349.78761	5.5048191e-02
349.80325	3.9359892e-02
349.81889	6.1217369e-02
349.83453	7.6424385e-02
349.85017	2.3251356e-02
349.86581	7.6307867e-02
349.88145	6.0340343e-02
349.89709	5.5845539e-02
349.91273	5.4415713e-02
349.92837	6.7462952e-02
349.94402	7.2818588e-02
349.95966	9.7995433e-02
349.97530	6.9301926e-02
349.99094	1.1900443e-01
350.00658	8.5477149e-02
350.02222	1.1934990e-01
350.03786	1.3136539e-01
350.05350	8.9181331e-02
350.06914	1.3923892e-01
350.08478	1.6589171e-01
350.10042	1.1782036e-01
350.11606	1.4291350e-01
350.13170	1.3330564e-01
350.14734	1.4221671e-01
350.16298	1.4155634e-01
350.17862	1.4009056e-01
350.19426	1.6951330e-01
350.20990	1.7759480e-01
350.22554	1.6491129e-01
350.24118	2.0022024e-01
350.25682	1.9677577e-01
350.27246	1.9415101e-01
350.28810	1.7083547e-01
350.30374	2.2839685e-01
350.31938	2.2195808e-01
350.33502	1.5771375e-01
350.35066	1.8371924e-01
350.36630	2.0153350e-01
350.38194	2.3507052e-01
350.39758	2.4639637e-01
350.41322	2.2092647e-01
350.42886	2.3681187e-01
350.44450	2.5100483e-01
350.46014	2.1671404e-01
350.47578	2.5916690e-01
350.49142	2.4632541e-01
350.50707	2.6124519e-01
350.52271	2.6166625e-01
350.53835	2.4410865e-01
350.55399	2.5295368e-01
350.56963	2.7889446e-01
350.58527	2.8598553e-01
350.60091	2.8367251e-01
350.61655	3.1610199e-01
350.63219	2.9416003e-01
350.64783	2.8449308e-01
350.66347	3.1144044e-01
350.67911	3.2861731e-01
350.69475	3.5236249e-01
350.71039	4.1899286e-01
350.72603	4.7685937e-01
350.74167	5.9950709e-01
350.75731	7.4153627e-01
350.77295	8.8775127e-01
350.78859	1.0207802e+00
350.80423	9.3388059e-01
350.81987	5.7998370e-01
350.83551	-4.0300790e-04
350.85115	-3.4349514e-01
350.86679	-4.1508124e-01
350.88243	-2.9537100e-01
350.89807	-1.0875279e-01
350.91371	4.7659409e-02
350.92935	1.2599615e-01
350.94499	1.6851083e-01
350.96063	2.1784838e-01
350.97627	2.1924589e-01
350.99191	2.0569295e-01
351.00755	2.1450029e-01
351.02319	2.0565959e-01
351.03883	1.9147227e-01
351.05447	2.2252436e-01
351.07011	1.7417780e-01
351.08576	1.6400425e-01
351.10140	1.7599415e-01
351.11704	1.3513257e-01
351.13268	1.1233518e-01
351.14832	1.0391508e-01
351.16396	1.1556080e-01
351.17960	9.7883586e-02
351.19524	8.0301765e-02
351.21088	4.8607666e-02
351.22652	2.2893275e-02
351.24216	4.2335514e-02
351.25780	-2.1835117e-02
351.27344	-1.4336249e-02
351.28908	-5.3754245e-02
351.30472	-5.2423462e-02
351.32036	-6.4234716e-02
351.33600	-5.3248458e-02
351.35164	-1.5146376e-01
351.36728	-8.2684754e-02
351.38292	-1.4315858e-01
351.39856	-1.3449918e-01
351.41420	-1.3866449e-01
351.42984	-1.8384415e-01
351.44548	-1.8344021e-01
351.46112	-1.8427680e-01
351.47676	-2.0836868e-01
351.49240	-2.3166065e-01
351.50804	-2.2346233e-01
351.52368	-2.3460771e-01
351.53932	-2.7560454e-01
351.55496	-2.2653693e-01
351.57060	-2.5654669e-01
351.58624	-3.1614872e-01
351.60188	-2.9024739e-01
351.61752	-2.4448356e-01
351.63316	-2.5170545e-01
351.64881	-2.8198740e-01
351.66445	-3.2440723e-01
351.68009	-2.9817833e-01
351.69573	-2.7437468e-01
351.71137	-2.8927775e-01
351.72701	-3.0488310e-01
351.74265	-3.1352264e-01
351.75829	-2.8237987e-01
351.77393	-3.0279057e-01
351.78957	-2.9130164e-01
351.80521	-2.8676446e-01
351.82085	-2.6226679e-01
351.83649	-2.8950156e-01
351.85213	-2.8577152e-01
351.86777	-3.2417665e-01
351.88341	-2.6335359e-01
351.89905	-2.6472135e-01
351.91469	-2.7943620e-01
351.93033	-3.2101567e-01
351.94597	-2.8301477e-01
351.96161	-2.6619314e-01
351.97725	-2.2149597e-01
351.99289	-2.4722052e-01
352.00853	-2.3853367e-01
352.02417	-2.3319628e-01
352.03981	-2.1790263e-01
352.05545	-2.6217212e-01
352.07109	-2.5113406e-01
352.08673	-2.5215012e-01
352.10237	-2.2837974e-01
352.11801	-2.2365165e-01
352.13365	-2.0803360e-01
352.14929	-2.2367987e-01
352.16493	-1.9374789e-01
352.18057	-2.0428324e-01
352.19621	-1.3502755e-01
352.21185	-1.7563325e-01
352.22750	-9.6462533e-02
352.24314	-8.6583958e-02
352.25878	-9.4840075e-02
352.27442	2.9585237e-02
352.29006	1.4580420e-01
352.30570	2.6203940e-01
352.32134	4.6625093e-01
352.33698	5.4294301e-01
352.35262	4.4585352e-01
352.36826	8.6035706e-03
352.38390	-5.1045884e-01
352.39954	-7.9444316e-01
352.41518	-8.1844175e-01
352.43082	-6.9769743e-01
352.44646	-5.2263020e-01
352.46210	-3.9232029e-01
352.47774	-2.6011611e-01
352.49338	-2.5214876e-01
352.50902	-1.3257752e-01
352.52466	-1.3956292e-01
352.54030	-1.1763234e-01
352.55594	-1.0030412e-01
352.57158	-1.3467541e-01
352.58722	-5.7763906e-02
352.60286	-1.2024781e-01
352.61850	-8.3500994e-02
352.63414	-8.1859923e-02
352.64978	-5.7973199e-02
352.66542	-8.0680456e-02
352.68106	-1.0522493e-01
352.69670	-6.7168831e-02
352.71234	-1.1997908e-01
352.72798	-7.1660501e-02
352.74362	-7.4078363e-02
352.75926	-3.0964988e-02
352.77490	-6.5333389e-02
352.79055	-6.6359698e-02
352.80619	-7.0234565e-02
352.82183	-7.0043833e-02
352.83747	-6.1920937e-02
352.85311	-3.6854469e-02
352.86875	-7.3393031e-02
352.88439	-4.9366590e-02
352.90003	-7.2781445e-02
352.91567	-4.5162711e-02
352.93131	-3.6981011e-02
352.94695	-6.3480199e-02
352.96259	-4.8815386e-02
352.97823	-3.3887508e-02
352.99387	-1.9236882e-02
353.00951	-1.4378668e-02
353.02515	-3.4502003e-02
353.04079	-5.1171035e-02
353.05643	-6.2631836e-02
353.07207	-1.3396380e-02
353.08771	-6.4651450e-05
353.10335	-1.9750353e-02
353.11899	5.2013928e-03
353.13463	-3.4412265e-02
353.15027	-3.2348648e-02
353.16591	7.7869881e-03
353.18155	-4.3186925e-02
353.19719	-1.0096847e-02
353.21283	-1.3793345e-02
353.22847	-1.7803863e-02
353.24411	1.4494498e-02
353.25975	-3.7292040e-02
353.27539	-2.7675370e-02
353.29103	-6.0489122e-02
353.30667	-3.9051274e-02
353.32231	-2.7814512e-02
353.33795	-2.4819178e-02
353.35359	-2.0654079e-02
353.36924	-1.0127558e-02
353.38488	-2.9123595e-02
353.40052	-5.5079326e-02
353.41616	-1.1861832e-02
353.43180	-6.0900215e-03
353.44744	-3.7529947e-02
353.46308	-2.9667303e-02
353.47872	2.1856403e-02
353.49436	7.4265882e-03
353.51000	8.9651955e-03
353.52564	8.4291883e-04
353.54128	-9.3914564e-03
353.55692	-2.2324172e-02
353.57256	-3.0564148e-04
353.58820	-1.5547918e-02
353.60384	-2.0169298e-02
353.61948	-1.1307950e-02
353.63512	-1.2476123e-02
353.65076	7.2411452e-03
353.66640	-2.9721738e-02
353.68204	3.9897978e-02
353.69768	-3.0291225e-02
353.71332	-1.8425919e-02
353.72896	9.3285045e-03
353.74460	-2.6302146e-02
353.76024	-1.8984266e-02
353.77588	-8.5574384e-03
353.79152	-6.8640891e-02
353.80716	-1.9000686e-02
353.82280	-2.8050284e-02
353.83844	-1.3453607e-02
353.85408	1.7099630e-03
353.86972	4.6866345e-03
353.88536	2.2195103e-02
353.90100	2.1143373e-02
353.91664	1.3048400e-02
353.93229	-8.4166587e-03
353.94793	1.3513939e-02
353.96357	-2.7403131e-02
353.97921	-9.1808538e-03
353.99485	2.1876187e-02
354.01049	8.9381501e-03
354.02613	-3.5028973e-02
354.04177	-1.8690771e-02
354.05741	1.1597568e-02
354.07305	5.9047655e-03
354.08869	1.5318853e-02
354.10433	-4.1904919e-02
354.11997	-3.1698634e-02
354.13561	-1.1105311e-02
354.15125	-2.5595817e-02
354.16689	-6.4532601e-03
354.18253	-5.4567291e-03
354.19817	1.3914845e-03
354.21381	-8.1155689e-03
354.22945	5.9595731e-03
354.24509	1.0443214e-02
354.26073	-2.0626307e-03
354.27637	-2.9688788e-02
354.29201	2.1047095e-02
354.30765	-4.9745885e-04
354.32329	3.7434199e-03
354.33893	-1.2536118e-03
354.35457	-3.7090666e-02
354.37021	7.0958633e-03
354.38585	-1.7705240e-02
354.40149	-2.9014056e-02
354.41713	2.1531271e-02
354.43277	-1.0462680e-02
354.44841	1.5686849e-03
354.46405	1.3774099e-02
354.47969	2.8474203e-02
354.49533	-4.0581967e-02
354.51098	-1.8989477e-02
354.52662	9.6589816e-03
354.54226	-1.7369313e-02
354.55790	-6.9550006e-02
354.57354	-9.0201423e-04
354.58918	7.8823448e-04
354.60482	1.2299302e-02
354.62046	9.8697625e-04
354.63610	-1.2471116e-02
354.65174	7.7229196e-04
354.66738	-4.1841095e-03
354.68302	-1.3613013e-02
354.69866	1.7737850e-03
354.71430	3.8259649e-03
354.72994	-2.3702367e-02
354.74558	1.7434333e-02
354.76122	1.3481816e-02
354.77686	1.2698580e-02
354.79250	-5.8412108e-02
354.80814	-7.0716796e-04
354.82378	-5.5292125e-03
354.83942	-2.3160100e-02
354.85506	8.7349552e-03
354.87070	-3.3222599e-02
354.88634	2.1904606e-02
354.90198	4.9147576e-03
354.91762	-1.3005333e-02
354.93326	2.5884224e-02
354.94890	6.5323244e-03
354.96454	4.0056392e-03
354.98018	-2.8923440e-02
354.99582	7.9366021e-03
355.01146	2.5717782e-02
355.02710	1.9579524e-02
355.04274	-2.8586905e-02
355.05838	2.5413220e-02
355.07403	2.9718468e-02
355.08967	1.4481755e-02
355.10531	-1.0297710e-02
355.12095	-3.2819537e-02
355.13659	-2.0883791e-02
355.15223	-1.4245634e-02
355.16787	2.9122310e-03
355.18351	8.5129473e-03
355.19915	-1.7571296e-02
355.21479	-3.5618011e-02
355.23043	-1.0988617e-02
355.24607	-2.9466075e-02
355.26171	2.4115846e-02
355.27735	-2.7568048e-02
355.29299	6.8673491e-03
355.30863	1.3795936e-02
355.32427	-2.2630002e-02
355.33991	1.7338996e-02
355.35555	-5.7872901e-03
355.37119	-1.8933148e-02
355.38683	-2.2062475e-02
355.40247	-7.9626135e-04
355.41811	1.8621081e-02
355.43375	-4.1317235e-02
355.44939	9.3350593e-03
355.46503	-6.0922210e-03
355.48067	-1.8294844e-02
355.49631	-5.1521675e-03
355.51195	-3.2303625e-03
355.52759	-4.1742412e-03
355.54323	1.3393399e-02
355.55887	-2.1128430e-02
355.57451	3.6896318e-02
355.59015	1.5187942e-02
355.60579	-1.4820097e-02
355.62143	-4.1632670e-02
355.63707	-3.1307064e-03
355.65272	-1.0877674e-02
355.66836	1.2403636e-02
355.68400	1.2064736e-02
355.69964	3.6159274e-02
355.71528	-4.9949091e-03
355.73092	1.3646839e-02
355.74656	-1.0797871e-02
355.76220	-9.7184959e-03
355.77784	2.8800447e-02
355.79348	-4.8501769e-03
355.80912	-4.1986641e-03
355.82476	-9.1111320e-03
355.84040	4.6619847e-03
355.85604	1.0152986e-02
355.87168	-4.2180372e-03
355.88732	-2.4857727e-02
355.90296	5.1567156e-03
355.91860	-1.8252237e-02
355.93424	-8.8047069e-03
355.94988	2.7871325e-03
355.96552	3.5109940e-03
355.98116	-4.8319514e-02
355.99680	3.2887758e-02
356.01244	1.4692047e-02
356.02808	3.7665578e-02
356.04372	4.9444076e-02
356.05936	-2.0395623e-02
356.07500	-1.2852003e-02
356.09064	3.4883269e-03
356.10628	1.7359578e-02
356.12192	-1.1910009e-02
356.13756	-7.9899271e-03
356.15320	2.0019535e-02
356.16884	-1.9583223e-02
356.18448	2.5647052e-03
356.20012	2.0125580e-02
356.21577	-7.0989556e-03
356.23141	1.3846032e-02
356.24705	-4.2459623e-03
356.26269	-3.3996636e-02
356.27833	-1.3022942e-02
356.29397	-6.2272196e-03
356.30961	-9.0012312e-03
356.32525	-1.7872925e-03
356.34089	5.6177365e-03
356.35653	3.3724723e-03
356.37217	1.0672496e-03
356.38781	-1.1340638e-02
356.40345	-7.1387603e-03
356.41909	-1.0319327e-02
356.43473	-1.4720395e-02
356.45037	2.4746471e-02
356.46601	-4.1291373e-02
356.48165	1.5934551e-03
356.49729	-3.6162621e-02
356.51293	-1.5388708e-02
356.52857	1.2684221e-02
356.54421	-9.2415690e-03
356.55985	2.4549423e-02
356.57549	-2.2806467e-02
356.59113	-9.7689061e-03
356.60677	-1.6659900e-02
356.62241	-3.7872901e-03
356.63805	-1.0453777e-02
356.65369	-1.1881106e-02
356.66933	-2.6094087e-03
356.68497	1.7767893e-02
356.70061	-1.5464747e-03
356.71625	-3.5623551e-03
356.73189	-1.0680221e-02
356.74753	-1.9178975e-02
356.76317	-3.4140669e-02
356.77881	-2.6229213e-02
356.79446	-4.6203635e-03
356.81010	-4.3824174e-02
356.82574	7.6980798e-03
356.84138	-1.3996497e-02
356.85702	-2.4463873e-02
356.87266	-1.6626540e-02
356.88830	7.5235230e-03
356.90394	1.7077549e-03
356.91958	-3.3606140e-04
356.93522	2.9920675e-02
356.95086	4.1813915e-02
356.96650	-3.0686730e-02
356.98214	1.3064259e-02
356.99778	-1.9759090e-02
357.01342	-3.1833113e-02
357.02906	-1.4492170e-02
357.04470	1.6797310e-02
357.06034	-9.5756907e-03
357.07598	-1.2652824e-02
357.09162	2.5499076e-02
357.10726	7.7497633e-03
357.12290	-3.8070183e-03
357.13854	3.4507552e-02
357.15418	8.1111765e-03
357.16982	-1.6080881e-02
357.18546	-2.3150749e-02
357.20110	-9.5858227e-03
357.21674	2.4301758e-03
357.23238	1.8078869e-02
357.24802	1.6254696e-02
357.26366	1.6559436e-03
357.27930	-2.4171319e-02
357.29494	1.8124814e-02
357.31058	1.2792596e-03
357.32622	-2.2588093e-02
357.34186	-2.5520358e-02
357.35750	3.7077856e-03
357.37315	6.1591127e-03
357.38879	1.5503849e-02
357.40443	-2.5459053e-02
357.42007	3.7644625e-02
357.43571	-3.7591653e-02
357.45135	-1.8429210e-03
357.46699	2.5921573e-02
357.48263	1.9876385e-02
357.49827	-2.0418247e-02
357.51391	1.1110934e-02
357.52955	2.3590808e-02
357.54519	1.3626491e-02
357.56083	-2.1089806e-02
357.57647	3.2293209e-02
357.59211	-3.4179473e-02
357.60775	-5.7926033e-04
357.62339	-2.3082754e-02
357.63903	-1.0213424e-02
357.65467	-8.3244983e-03
357.67031	8.3356643e-03
357.68595	-2.7237862e-02
357.70159	2.6069859e-03
357.71723	2.4327624e-02
357.73287	-2.3811521e-04
357.74851	9.1030277e-03
357.76415	6.8029024e-03
357.77979	-1.6913644e-02
357.79543	-9.3628613e-03
357.81107	-9.3185962e-04
357.82671	7.7134973e-03
357.84235	3.9053058e-02
357.85799	3.1003431e-02
357.87363	-1.1319469e-02
357.88927	-1.0648283e-02
357.90491	-2.2397344e-02
357.92055	-4.8612778e-02
357.93620	2.4483420e-02
357.95184	8.7654065e-03
357.96748	-4.1251977e-02
357.98312	-1.6531051e-03
357.99876	4.5693001e-02
358.01440	8.0075356e-03
358.03004	8.3975728e-03
358.04568	2.3597740e-03
358.06132	-1.7219252e-02
358.07696	-2.5384925e-02
358.09260	-1.8496071e-02
358.10824	1.3207891e-03
358.12388	-6.4900186e-03
358.13952	1.2502947e-02
358.15516	3.4041263e-02
358.17080	1.0571192e-02
358.18644	1.5565457e-02
358.20208	-8.4835709e-03
358.21772	-2.7525356e-02
358.23336	4.2539083e-02
358.24900	1.3454528e-02
358.26464	2.2753492e-02
358.28028	-8.7934498e-03
358.29592	-3.5527420e-02
358.31156	2.5582772e-02
358.32720	-4.4776924e-02
358.34284	-4.5173497e-03
358.35848	-1.1982925e-02
358.37412	3.3574338e-03
358.38976	1.5296357e-02
358.40540	1.5513571e-02
358.42104	-4.3710052e-02
358.43668	1.8933653e-02
358.45232	-3.9751985e-02
358.46796	1.2529414e-02
358.48360	-1.0057618e-02
358.49924	-2.4200930e-02
358.51489	-1.1906728e-02
358.53053	-2.7950303e-02
358.54617	-1.3861099e-03
358.56181	1.7967535e-02
358.57745	1.5143609e-02
358.59309	-2.0993032e-04
358.60873	2.1241321e-02
358.62437	9.1700587e-03
358.64001	4.2729140e-02
358.65565	9.4731496e-03
358.67129	-1.3128358e-02
358.68693	-6.9224555e-03
358.70257	-1.6453870e-02
358.71821	-6.9524253e-03
358.73385	-3.9655661e-03
358.74949	1.2905538e-02
358.76513	1.4835716e-02
358.78077	5.1426120e-05
358.79641	7.6094701e-03
358.81205	-1.6007387e-02
358.82769	-1.2177493e-02